








Frequency of observations in the selected location(s).:
Number of taxa: 	160

	Jan				Feb				Mar				Apr				May				Jun				Jul				Aug				Sep				Oct				Nov				Dec				
Sample Size:	6.0	7.0	6.0	5.0	5.0	3.0	8.0	3.0	8.0	9.0	11.0	11.0	5.0	9.0	8.0	9.0	8.0	4.0	5.0	7.0	5.0	1.0	5.0	5.0	9.0	2.0	8.0	6.0	5.0	5.0	5.0	3.0	3.0	6.0	3.0	10.0	4.0	6.0	4.0	3.0	6.0	5.0	3.0	2.0	4.0	5.0	3.0	7.0	

Greylag Goose (<em class="sci">Anser anser</em>)	0.3333333333333333	0.5714285714285714	0.8333333333333334	0.8	0.6	0.6666666666666666	0.75	0.3333333333333333	0.875	0.5555555555555556	0.6363636363636364	0.7272727272727273	1.0	0.6666666666666666	0.875	1.0	0.75	0.75	1.0	0.7142857142857143	0.6	0.0015	0.2	0.4	0.1111111111111111	0.0	0.25	0.3333333333333333	0.2	0.0	0.0	0.3333333333333333	0.0	0.16666666666666666	0.3333333333333333	0.0	0.25	0.16666666666666666	0.0015	0.3333333333333333	0.5	0.4	0.3333333333333333	1.0	0.75	0.2	0.6666666666666666	0.5714285714285714	
Barnacle Goose (<em class="sci">Branta leucopsis</em>)	0.0	0.0	0.0	0.0	0.0	0.0	0.0	0.3333333333333333	0.0	0.0015	0.0	0.0	0.0	0.0	0.0	0.0	0.125	0.25	0.0	0.0	0.0	1.0	0.0	0.0	0.1111111111111111	0.0	0.0	0.0	0.0	0.0	0.2	0.0	0.0	0.0	0.0015	0.1	0.0	0.0	0.0	0.0	0.0	0.0	0.0	0.0	0.0	0.0	0.0	0.0	
Canada Goose (<em class="sci">Branta canadensis</em>)	0.6666666666666666	1.0	1.0	0.8	0.8	0.6666666666666666	0.875	0.6666666666666666	1.0	0.8888888888888888	1.0	1.0	1.0	0.6666666666666666	0.75	1.0	1.0	1.0	1.0	0.8571428571428571	0.8	0.0015	0.8	1.0	0.7777777777777778	1.0	0.875	0.8333333333333334	0.6	0.8	0.6	1.0	1.0	1.0	1.0	0.7	1.0	0.8333333333333334	0.75	1.0	0.6666666666666666	0.8	1.0	1.0	0.75	0.8	0.3333333333333333	1.0	
Greylag Goose (Domestic type) x Canada Goose (hybrid) (<em class="sci">Anser anser (Domestic type) x Branta canadensis</em>)	0.0	0.0	0.0	0.0	0.0	0.0	0.0	0.0	0.0	0.0	0.0	0.09090909090909091	0.0	0.0	0.125	0.0	0.0	0.0	0.2	0.0	0.0	0.0	0.0	0.0	0.0	0.0	0.0	0.0	0.0	0.0	0.0	0.0	0.0	0.0	0.0	0.0	0.0	0.16666666666666666	0.0	0.0	0.0	0.0	0.0	0.0	0.0	0.0	0.0	0.0	
Mute Swan (<em class="sci">Cygnus olor</em>)	0.6666666666666666	0.8571428571428571	0.8333333333333334	1.0	0.8	0.6666666666666666	0.875	0.3333333333333333	0.875	1.0	0.9090909090909091	1.0	1.0	0.7777777777777778	0.625	1.0	1.0	0.75	0.8	1.0	0.8	0.0	0.8	1.0	0.6666666666666666	1.0	1.0	0.6666666666666666	1.0	0.8	0.8	1.0	0.6666666666666666	1.0	1.0	0.9	1.0	1.0	0.75	1.0	0.6666666666666666	0.8	1.0	1.0	1.0	1.0	1.0	1.0	
Black Swan (<em class="sci">Cygnus atratus</em>)	0.0	0.0	0.0	0.0	0.0	0.0	0.0	0.3333333333333333	0.0	0.0	0.0	0.0	0.0	0.0	0.0	0.0	0.125	0.0	0.0	0.0	0.0	0.0	0.0	0.0	0.2222222222222222	0.0	0.0	0.0	0.0	0.0	0.0	0.0	0.0	0.0	0.0	0.0	0.0	0.0	0.0	0.0	0.0	0.0	0.0	0.0	0.0	0.0	0.0	0.0	
Tundra Swan (<em class="sci">Cygnus columbianus</em>)	0.0	0.0	0.0	0.0	0.0	0.0	0.0	0.3333333333333333	0.0	0.0	0.0	0.0	0.0	0.0	0.0	0.0	0.0	0.0	0.0	0.0	0.0	0.0	0.0	0.0	0.0	0.0	0.0	0.0	0.0	0.0	0.0	0.0	0.0	0.0	0.0	0.0	0.0	0.0	0.0	0.0	0.0	0.0	0.0	0.0	0.0	0.0	0.0	0.0	
Whooper Swan (<em class="sci">Cygnus cygnus</em>)	0.0	0.0	0.0	0.0	0.0	0.0	0.0	0.3333333333333333	0.0	0.0	0.0	0.0	0.0	0.0	0.0	0.0	0.0	0.0	0.0	0.0	0.0	0.0	0.0	0.0	0.0	0.0	0.0	0.0	0.0	0.0	0.0	0.0	0.0	0.0	0.0	0.0	0.0	0.0	0.0	0.0	0.0	0.0	0.0	0.0	0.0	0.0	0.0	0.0	
Egyptian Goose (<em class="sci">Alopochen aegyptiaca</em>)	0.16666666666666666	0.42857142857142855	0.3333333333333333	0.6	0.6	0.3333333333333333	0.125	0.0	0.125	0.0	0.2727272727272727	0.09090909090909091	0.4	0.1111111111111111	0.375	0.1111111111111111	0.75	0.25	0.6	0.7142857142857143	0.2	1.0	0.0	0.2	0.3333333333333333	0.0	0.125	0.0	0.0	0.2	0.2	0.0	0.0	0.3333333333333333	0.3333333333333333	0.4	0.25	0.16666666666666666	0.25	0.0015	0.16666666666666666	0.6	0.0	0.5	0.5	0.8	0.6666666666666666	0.7142857142857143	
Common Shelduck (<em class="sci">Tadorna tadorna</em>)	0.16666666666666666	0.42857142857142855	0.5	0.2	0.4	0.3333333333333333	0.625	0.3333333333333333	0.25	0.1111111111111111	0.2727272727272727	0.09090909090909091	0.4	0.4444444444444444	0.25	0.4444444444444444	0.25	0.0	0.2	0.2857142857142857	0.2	0.0	0.0	0.2	0.0	0.0	0.0	0.0	0.0	0.0	0.0	0.0	0.0	0.0	0.0	0.0	0.0	0.0	0.0015	0.0	0.0	0.2	0.3333333333333333	0.0	0.5	0.4	0.0	0.14285714285714285	
Mandarin Duck (<em class="sci">Aix galericulata</em>)	0.16666666666666666	0.0	0.16666666666666666	0.0	0.0	0.0	0.125	0.0	0.125	0.1111111111111111	0.18181818181818182	0.2727272727272727	0.2	0.2222222222222222	0.125	0.0	0.25	0.0	0.2	0.14285714285714285	0.2	0.0	0.2	0.0	0.0	0.0	0.0015	0.0	0.0	0.0	0.0	0.3333333333333333	0.0	0.0	0.0	0.0	0.0	0.0	0.0	0.0	0.0	0.0	0.0	0.0	0.25	0.0	0.3333333333333333	0.14285714285714285	
Gadwall (<em class="sci">Anas strepera</em>)	0.6666666666666666	1.0	1.0	0.8	1.0	0.6666666666666666	0.875	0.6666666666666666	0.875	0.7777777777777778	0.5454545454545454	0.9090909090909091	1.0	0.5555555555555556	0.75	0.7777777777777778	0.875	0.75	0.8	1.0	0.8	0.0015	0.8	0.6	0.3333333333333333	0.0	0.375	0.5	0.8	0.6	0.8	1.0	1.0	1.0	1.0	0.9	1.0	1.0	1.0	0.6666666666666666	0.6666666666666666	1.0	1.0	1.0	0.75	0.6	1.0	1.0	
Eurasian Wigeon (<em class="sci">Anas penelope</em>)	0.6666666666666666	1.0	1.0	1.0	0.8	0.3333333333333333	1.0	0.6666666666666666	1.0	0.8888888888888888	0.8181818181818182	1.0	0.8	0.4444444444444444	0.5	0.4444444444444444	0.625	0.25	0.2	0.42857142857142855	0.0	0.0	0.2	0.0	0.0	0.0	0.125	0.16666666666666666	0.0	0.0	0.0	0.0	0.0	0.3333333333333333	0.6666666666666666	1.0	1.0	1.0	0.75	1.0	0.8333333333333334	0.6	1.0	1.0	1.0	0.8	1.0	1.0	
Mallard (<em class="sci">Anas platyrhynchos</em>)	0.8333333333333334	1.0	1.0	1.0	0.8	0.6666666666666666	1.0	0.6666666666666666	1.0	0.8888888888888888	1.0	1.0	1.0	0.8888888888888888	0.75	1.0	0.875	0.75	1.0	1.0	1.0	0.0015	1.0	1.0	0.7777777777777778	0.5	1.0	1.0	0.6	1.0	1.0	1.0	1.0	1.0	1.0	0.9	1.0	1.0	0.75	1.0	0.8333333333333334	0.8	1.0	1.0	1.0	1.0	1.0	1.0	
Mallard (Domestic type) (<em class="sci">Anas platyrhynchos (Domestic type)</em>)	0.0	0.14285714285714285	0.16666666666666666	0.0	0.0	0.0	0.0	0.0	0.125	0.1111111111111111	0.09090909090909091	0.09090909090909091	0.0	0.0	0.0	0.0	0.0	0.0	0.2	0.0	0.0	0.0	0.0	0.0	0.1111111111111111	0.5	0.125	0.0	0.0	0.0	0.0	0.0	0.0	0.16666666666666666	0.0	0.0	0.0	0.3333333333333333	0.25	0.0	0.0	0.0	0.0	0.0	0.0	0.0	0.0	0.0	
Northern Shoveler (<em class="sci">Anas clypeata</em>)	0.8333333333333334	1.0	1.0	1.0	0.8	0.6666666666666666	1.0	0.6666666666666666	1.0	1.0	0.8181818181818182	1.0	1.0	0.5555555555555556	0.625	0.5555555555555556	0.625	0.0	0.2	0.5714285714285714	0.4	0.0015	0.6	0.6	0.3333333333333333	0.5	0.5	0.6666666666666666	0.6	0.8	1.0	1.0	1.0	1.0	1.0	0.9	1.0	0.8333333333333334	1.0	1.0	0.6666666666666666	0.8	1.0	1.0	1.0	0.8	1.0	1.0	
Northern Pintail (<em class="sci">Anas acuta</em>)	0.5	0.7142857142857143	1.0	0.6	0.6	0.0	0.625	0.6666666666666666	0.625	0.2222222222222222	0.09090909090909091	0.09090909090909091	0.2	0.0	0.0	0.0	0.0	0.0	0.0	0.0	0.0	0.0	0.0	0.0	0.0	0.0	0.0	0.0	0.0	0.2	0.0	0.0	0.0	0.0	0.0	0.3	0.25	0.16666666666666666	0.25	0.3333333333333333	0.3333333333333333	0.6	0.3333333333333333	0.5	1.0	0.6	0.6666666666666666	0.42857142857142855	
Garganey (<em class="sci">Anas querquedula</em>)	0.0	0.0	0.0	0.0	0.0	0.0	0.0	0.0	0.0	0.0	0.0	0.0	0.2	0.2222222222222222	0.0	0.0	0.0	0.0	0.0	0.0	0.0	0.0	0.0	0.0	0.0	0.0	0.0	0.0	0.0	0.0	0.0	1.0	0.0	0.16666666666666666	0.0	0.1	0.0	0.0	0.0	0.0	0.0	0.0	0.0	0.0	0.0	0.0	0.0	0.0	
Eurasian/American Green-winged Teal (<em class="sci">Anas crecca</em>)	0.8333333333333334	1.0	1.0	0.8	1.0	0.6666666666666666	1.0	0.6666666666666666	1.0	1.0	0.9090909090909091	1.0	1.0	0.6666666666666666	0.625	0.6666666666666666	0.125	0.0	0.2	0.14285714285714285	0.4	1.0	0.8	1.0	0.4444444444444444	0.5	0.25	0.8333333333333334	0.6	0.8	0.6	1.0	1.0	1.0	1.0	0.9	1.0	1.0	0.75	1.0	0.8333333333333334	0.8	1.0	1.0	1.0	1.0	1.0	0.7142857142857143	
Red-crested Pochard (<em class="sci">Netta rufina</em>)	0.0	0.0	0.0	0.0	0.0	0.0	0.0	0.0	0.0	0.0	0.0	0.0	0.0	0.0	0.0	0.0	0.125	0.25	0.0	0.0015	0.0	0.0	0.2	0.2	0.0	0.0	0.0	0.0	0.0	0.0	0.0	0.0	0.0	0.0	0.0	0.0	0.0	0.0	0.0	0.0	0.0	0.2	0.0	0.0	0.0	0.0	0.0	0.14285714285714285	
Common Pochard (<em class="sci">Aythya ferina</em>)	0.8333333333333334	0.8571428571428571	1.0	0.8	0.8	0.3333333333333333	0.75	0.3333333333333333	1.0	0.8888888888888888	0.6363636363636364	0.8181818181818182	1.0	0.7777777777777778	0.875	0.7777777777777778	0.875	0.75	1.0	0.8571428571428571	0.8	1.0	1.0	0.8	0.5555555555555556	1.0	0.5	0.6666666666666666	0.6	0.8	1.0	1.0	0.6666666666666666	0.6666666666666666	0.6666666666666666	0.3	0.5	0.5	0.5	1.0	0.5	0.8	1.0	1.0	0.75	0.6	1.0	0.8571428571428571	
Tufted Duck (<em class="sci">Aythya fuligula</em>)	0.8333333333333334	1.0	1.0	1.0	0.8	0.6666666666666666	1.0	0.6666666666666666	1.0	1.0	0.9090909090909091	1.0	1.0	0.7777777777777778	0.875	1.0	1.0	1.0	1.0	1.0	1.0	1.0	1.0	1.0	1.0	1.0	1.0	1.0	1.0	1.0	1.0	1.0	1.0	0.8333333333333334	1.0	0.9	1.0	0.8333333333333334	0.75	1.0	0.8333333333333334	0.8	1.0	1.0	1.0	1.0	1.0	0.8571428571428571	
Greater Scaup (<em class="sci">Aythya marila</em>)	0.0015	0.14285714285714285	0.16666666666666666	0.2	0.0	0.0	0.0	0.0	0.125	0.0015	0.0	0.0	0.0	0.0	0.0	0.0	0.0	0.0	0.0	0.0	0.0	0.0	0.0	0.0	0.0	0.0	0.0	0.0	0.0	0.0	0.0	0.0	0.0	0.0	0.0	0.0	0.0	0.0	0.0	0.3333333333333333	0.0	0.0	0.0	0.0	0.0	0.0	0.0	0.0015	
Common Goldeneye (<em class="sci">Bucephala clangula</em>)	0.0	0.0015	0.0	0.0015	0.0	0.0	0.0	0.0015	0.0	0.0	0.0	0.0	0.0	0.0	0.0	0.0	0.0	0.0	0.0	0.0	0.0	0.0	0.0	0.0	0.0	0.0	0.0	0.0	0.0	0.0	0.0	0.0	0.0	0.0	0.0	0.0	0.0	0.0	0.0	0.0	0.0	0.0	0.6666666666666666	0.0015	0.25	0.0015	0.0	0.0	
Smew (<em class="sci">Mergellus albellus</em>)	0.0	0.0	0.0	0.0	0.0	0.0	0.125	0.3333333333333333	0.0	0.0	0.0	0.0	0.0	0.0	0.0	0.0	0.0	0.0	0.0	0.0	0.0	0.0	0.0	0.0	0.0	0.0	0.0	0.0	0.0	0.0	0.0	0.0	0.0	0.0	0.0	0.0	0.0	0.0	0.0	0.0	0.0	0.0	0.0	0.0	0.0	0.0	0.0	0.0	
Common Merganser (<em class="sci">Mergus merganser</em>)	0.0	0.0	0.0	0.0	0.0	0.0	0.0	0.0015	0.0	0.0	0.0	0.0	0.0	0.1111111111111111	0.0	0.0	0.0	0.0	0.0	0.0	0.0	0.0	0.0	0.0	0.0	0.0	0.0	0.0	0.0	0.0	0.0	0.0	0.0	0.0	0.0	0.0	0.0	0.0	0.0	0.0	0.0	0.0	0.0	0.0	0.25	0.0	0.0	0.0	
Red-breasted Merganser (<em class="sci">Mergus serrator</em>)	0.0	0.0	0.0	0.0015	0.0	0.0	0.0	0.0	0.0	0.0	0.0	0.0	0.0	0.0	0.0	0.0	0.0	0.0	0.0	0.0	0.0	0.0	0.0	0.0	0.0	0.0	0.0	0.0	0.0	0.0	0.0	0.0	0.0	0.0	0.0	0.0	0.0	0.0	0.0	0.0	0.0	0.0	0.0	0.0	0.0	0.0	0.0	0.0	
Ruddy Duck (<em class="sci">Oxyura jamaicensis</em>)	0.0	0.0	0.0	0.2	0.0	0.0	0.125	0.0	0.125	0.1111111111111111	0.09090909090909091	0.0	0.0	0.0	0.0	0.2222222222222222	0.125	0.0	0.0	0.0	0.4	0.0	0.4	0.0	0.2222222222222222	0.5	0.375	0.16666666666666666	0.0	0.4	0.2	0.3333333333333333	0.3333333333333333	0.0015	0.0015	0.2	0.0015	0.0	0.0	0.3333333333333333	0.16666666666666666	0.2	0.0	0.0	0.25	0.0	0.0	0.0	
duck sp. (<em class="sci">Anatinae sp.</em>)	0.0	0.0	0.0	0.0	0.0	0.0	0.0	0.0	0.0	0.0	0.0	0.09090909090909091	0.0	0.0	0.0	0.0	0.0	0.0	0.0	0.0	0.0	0.0	0.0	0.0	0.0	0.0	0.0	0.0	0.0	0.0	0.0	0.0	0.0	0.0	0.0	0.0	0.0	0.0	0.0	0.0	0.0	0.0	0.0	0.0	0.0	0.0	0.0	0.0	
Common Pheasant (<em class="sci">Phasianus colchicus</em>)	0.0	0.0	0.0	0.0	0.0	0.0	0.0	0.0	0.0	0.0	0.0	0.0	0.0	0.0	0.0	0.0	0.0	0.0	0.0	0.0	0.0	0.0	0.0	0.0	0.0	0.0	0.0	0.0	0.0	0.0	0.0	0.0	0.0	0.0	0.0	0.1	0.0	0.0	0.0	0.0	0.0	0.0	0.3333333333333333	0.0	0.0	0.0	0.0	0.0	
Little Grebe (<em class="sci">Tachybaptus ruficollis</em>)	0.6666666666666666	0.8571428571428571	1.0	1.0	1.0	0.6666666666666666	0.75	0.3333333333333333	1.0	0.8888888888888888	0.7272727272727273	0.8181818181818182	1.0	0.6666666666666666	0.875	1.0	0.75	0.75	0.8	1.0	0.6	0.0	0.8	1.0	1.0	1.0	0.625	0.8333333333333334	1.0	1.0	0.8	1.0	1.0	1.0	1.0	0.9	1.0	0.8333333333333334	0.5	0.6666666666666666	1.0	0.8	1.0	1.0	0.75	1.0	0.6666666666666666	0.8571428571428571	
Red-necked Grebe (<em class="sci">Podiceps grisegena</em>)	0.0	0.0	0.0	0.0	0.0	0.0	0.0	0.0	0.0	0.0	0.0	0.0	0.0	0.0	0.0	0.0	0.0	0.0	0.0	0.0	0.0	0.0	0.0	0.0	0.0	0.0	0.0	0.0	0.0	0.0	0.0	0.0	0.0	0.0	0.0	0.0	0.0	0.0	0.0	0.0	0.0	0.0	0.0	0.0	0.0	0.0015	0.0	0.0015	
Great Crested Grebe (<em class="sci">Podiceps cristatus</em>)	0.6666666666666666	0.7142857142857143	1.0	0.4	0.4	0.3333333333333333	0.75	0.6666666666666666	0.875	1.0	0.7272727272727273	0.9090909090909091	0.8	0.6666666666666666	0.75	0.8888888888888888	0.75	0.75	0.8	0.8571428571428571	0.6	0.0015	1.0	0.4	0.4444444444444444	1.0	0.625	1.0	0.8	0.8	0.8	1.0	0.3333333333333333	0.8333333333333334	0.6666666666666666	0.8	1.0	0.8333333333333334	1.0	0.3333333333333333	1.0	1.0	1.0	0.5	0.5	0.4	0.6666666666666666	0.7142857142857143	
grebe sp. (<em class="sci">Podicipedidae sp.</em>)	0.0015	0.0	0.0	0.0	0.0	0.0	0.0	0.0	0.0	0.0	0.0	0.0	0.0	0.0	0.0	0.0	0.0	0.0	0.0	0.0	0.0	0.0	0.0	0.0	0.0	0.0	0.0	0.0	0.0	0.0	0.0	0.0	0.0	0.0	0.0	0.0	0.0	0.0	0.0	0.0	0.0	0.0	0.0	0.0	0.0	0.0	0.0	0.0	
Great Cormorant (<em class="sci">Phalacrocorax carbo</em>)	0.8333333333333334	1.0	1.0	0.8	0.8	0.6666666666666666	0.875	0.6666666666666666	1.0	1.0	0.9090909090909091	0.9090909090909091	1.0	0.6666666666666666	0.75	0.8888888888888888	0.75	0.25	0.8	0.42857142857142855	0.8	1.0	0.8	1.0	0.4444444444444444	1.0	1.0	0.6666666666666666	1.0	0.8	0.8	1.0	1.0	0.8333333333333334	1.0	1.0	1.0	1.0	1.0	0.6666666666666666	1.0	1.0	1.0	1.0	0.75	1.0	1.0	0.7142857142857143	
Great Bittern (<em class="sci">Botaurus stellaris</em>)	0.3333333333333333	0.42857142857142855	0.3333333333333333	0.4	0.6	0.3333333333333333	0.625	0.6666666666666666	0.0	0.1111111111111111	0.0	0.0	0.0	0.0	0.0	0.0	0.0	0.0	0.0	0.0	0.0	0.0	0.0	0.0	0.0	0.0	0.0	0.0	0.0	0.0	0.0	0.0	0.0	0.0	0.0	0.0	0.25	0.0	0.0	0.0	0.16666666666666666	0.0	0.6666666666666666	0.0015	0.5	0.8	0.3333333333333333	0.5714285714285714	
Grey Heron (<em class="sci">Ardea cinerea</em>)	0.8333333333333334	0.8571428571428571	1.0	1.0	1.0	0.6666666666666666	0.875	0.6666666666666666	1.0	1.0	0.8181818181818182	0.9090909090909091	1.0	0.7777777777777778	0.75	1.0	1.0	0.75	1.0	1.0	1.0	1.0	1.0	0.8	0.6666666666666666	1.0	1.0	1.0	1.0	1.0	1.0	1.0	1.0	1.0	1.0	0.9	1.0	1.0	1.0	1.0	1.0	1.0	1.0	1.0	1.0	1.0	0.6666666666666666	1.0	
Little Egret (<em class="sci">Egretta garzetta</em>)	0.0	0.0	0.0	0.0	0.0	0.0	0.125	0.0	0.0	0.0015	0.0	0.0	0.0	0.0	0.125	0.2222222222222222	0.25	0.0	0.2	0.0	0.0	0.0	0.0	0.4	0.2222222222222222	0.0	0.0	0.0	0.0	0.0	0.2	0.0	0.0	0.0	0.0	0.0	0.0	0.0	0.0	0.0	0.0	0.0	0.3333333333333333	0.0	0.0	0.0	0.0	0.0	
Eurasian Spoonbill (<em class="sci">Platalea leucorodia</em>)	0.0	0.0	0.0	0.0	0.0	0.0	0.0	0.0	0.0	0.0	0.0	0.0	0.0	0.0	0.0	0.0	0.0	0.0	0.0	0.0	0.0	0.0	0.0	0.0	0.0	0.5	0.0	0.0	0.0	0.0	0.0	0.0	0.0	0.0	0.0	0.0	0.0	0.0	0.0	0.0	0.0	0.0	0.0	0.0	0.0	0.0	0.0	0.0	
Eurasian Sparrowhawk (<em class="sci">Accipiter nisus</em>)	0.3333333333333333	0.14285714285714285	0.16666666666666666	0.0	0.2	0.0	0.375	0.3333333333333333	0.125	0.1111111111111111	0.09090909090909091	0.18181818181818182	0.0	0.1111111111111111	0.25	0.1111111111111111	0.125	0.0	0.2	0.14285714285714285	0.0	0.0	0.4	0.2	0.0	0.0	0.375	0.16666666666666666	0.2	0.4	0.6	0.0	0.3333333333333333	0.3333333333333333	0.3333333333333333	0.6	0.25	0.16666666666666666	0.0	0.0015	0.3333333333333333	0.4	0.3333333333333333	0.5	0.25	0.2	0.3333333333333333	0.5714285714285714	
Red Kite (<em class="sci">Milvus milvus</em>)	0.0	0.0	0.0	0.0	0.0	0.0	0.0	0.0	0.0	0.0	0.0	0.0	0.0	0.0	0.0	0.0	0.125	0.0	0.0	0.0	0.0	0.0	0.0	0.0	0.0	0.0	0.0	0.0	0.0	0.0	0.0	0.0	0.0	0.0	0.0	0.0	0.0	0.0	0.0	0.0	0.0	0.0	0.0	0.0	0.0	0.0	0.0	0.0	
Common Buzzard (<em class="sci">Buteo buteo</em>)	0.0	0.0	0.0	0.0	0.0	0.0	0.0	0.0	0.125	0.0	0.0	0.0	0.0	0.0	0.0	0.0	0.25	0.0	0.0	0.14285714285714285	0.0	0.0	0.0	0.2	0.0	0.0	0.0	0.0	0.0	0.0	0.0	0.3333333333333333	0.0	0.0	0.0	0.0	0.0	0.0	0.0	0.0	0.0	0.0	0.3333333333333333	0.0	0.0	0.0	0.0	0.0	
Water Rail (<em class="sci">Rallus aquaticus</em>)	0.16666666666666666	0.2857142857142857	0.16666666666666666	0.4	0.6	0.0	0.125	0.0	0.0	0.2222222222222222	0.09090909090909091	0.09090909090909091	0.0	0.0	0.125	0.0	0.25	0.0	0.0	0.0	0.0	0.0	0.0	0.0	0.0	0.0	0.0	0.16666666666666666	0.0	0.0	0.0	0.3333333333333333	0.0	0.0	0.0	0.1	0.0015	0.16666666666666666	0.25	0.0	0.0	0.0	0.0	0.5	0.0	0.4	0.6666666666666666	0.42857142857142855	
Spotted Crake (<em class="sci">Porzana porzana</em>)	0.0	0.0	0.0	0.0	0.0	0.0	0.0	0.0	0.0	0.0	0.0	0.0	0.0	0.0	0.0	0.0	0.0	0.0	0.0	0.0	0.0	0.0	0.0	0.0	0.0	0.0	0.0	0.0	0.0	0.0	0.0	0.0	0.0	0.0	0.0	0.0	0.0015	0.0	0.0	0.0	0.0	0.0	0.0	0.0	0.0	0.0	0.0	0.0	
Common Moorhen (<em class="sci">Gallinula chloropus</em>)	0.8333333333333334	0.8571428571428571	1.0	1.0	0.8	0.6666666666666666	0.875	0.6666666666666666	1.0	0.8888888888888888	1.0	1.0	1.0	1.0	0.75	1.0	0.875	0.75	0.8	1.0	1.0	0.0015	1.0	1.0	1.0	1.0	1.0	1.0	0.8	1.0	0.8	1.0	1.0	1.0	1.0	0.9	1.0	1.0	1.0	1.0	0.6666666666666666	1.0	0.6666666666666666	1.0	0.75	1.0	0.6666666666666666	1.0	
Eurasian Coot (<em class="sci">Fulica atra</em>)	0.8333333333333334	0.8571428571428571	1.0	1.0	0.8	0.6666666666666666	1.0	0.6666666666666666	1.0	1.0	1.0	1.0	1.0	0.7777777777777778	0.75	1.0	1.0	1.0	1.0	1.0	1.0	0.0015	1.0	1.0	1.0	1.0	1.0	1.0	0.8	1.0	0.8	1.0	1.0	1.0	1.0	0.9	1.0	1.0	0.75	1.0	0.6666666666666666	1.0	1.0	1.0	0.75	1.0	1.0	1.0	
Pied Avocet (<em class="sci">Recurvirostra avosetta</em>)	0.0	0.0	0.0	0.0	0.0	0.0	0.0	0.0	0.0	0.0	0.09090909090909091	0.0	0.0	0.0	0.0	0.0	0.0	0.0	0.0	0.0	0.0	0.0	0.0	0.0	0.1111111111111111	0.0	0.0	0.0	0.0	0.0	0.0	0.0	0.0	0.0	0.0	0.0	0.0	0.0	0.0	0.0	0.0	0.0	0.0	0.0	0.0	0.0	0.0	0.0	
Eurasian Oystercatcher (<em class="sci">Haematopus ostralegus</em>)	0.0	0.0	0.0	0.0	0.0	0.0	0.0	0.0	0.0	0.1111111111111111	0.0	0.0	0.0	0.1111111111111111	0.0	0.0	0.0	0.0	0.0	0.0	0.0	0.0	0.0	0.0	0.0	0.0	0.0	0.3333333333333333	0.0	0.0	0.0	0.0	0.0	0.0	0.0	0.0	0.0	0.0	0.0	0.0	0.0	0.0	0.0	0.0	0.0	0.0	0.0	0.0	
Northern Lapwing (<em class="sci">Vanellus vanellus</em>)	0.8333333333333334	0.8571428571428571	1.0	0.6	1.0	0.6666666666666666	0.875	0.6666666666666666	1.0	0.8888888888888888	0.9090909090909091	0.9090909090909091	1.0	0.7777777777777778	0.875	1.0	1.0	0.75	1.0	1.0	1.0	1.0	1.0	1.0	0.5555555555555556	1.0	1.0	1.0	1.0	1.0	1.0	1.0	0.6666666666666666	1.0	1.0	1.0	1.0	1.0	1.0	1.0	0.8333333333333334	0.8	0.6666666666666666	1.0	0.75	1.0	1.0	1.0	
Common Ringed Plover (<em class="sci">Charadrius hiaticula</em>)	0.0	0.0	0.0	0.0	0.0	0.0	0.0	0.0	0.0	0.0	0.0	0.0015	0.0	0.0	0.0	0.1111111111111111	0.125	0.0	0.2	0.14285714285714285	0.2	0.0	0.0	0.0	0.0	0.0	0.0	0.0	0.0	0.0	0.0	0.0	0.0	0.0	0.0	0.0	0.0	0.0	0.0	0.0	0.0	0.0	0.0	0.0	0.0	0.0	0.0	0.0	
Little Ringed Plover (<em class="sci">Charadrius dubius</em>)	0.0	0.0	0.0	0.0	0.0	0.0	0.0	0.0	0.0	0.0	0.18181818181818182	0.09090909090909091	0.2	0.4444444444444444	0.375	0.7777777777777778	0.375	0.0	0.4	0.14285714285714285	0.6	0.0	0.6	0.4	0.4444444444444444	0.5	0.25	0.16666666666666666	0.4	0.0	0.0	0.0	0.0	0.0015	0.0	0.0	0.0	0.0	0.0	0.0	0.0	0.0	0.0	0.0	0.0	0.0	0.0	0.0	
Common Sandpiper (<em class="sci">Actitis hypoleucos</em>)	0.0	0.0	0.0	0.0	0.0	0.0	0.0	0.0	0.0	0.0	0.0	0.0	0.0	0.0	0.125	0.4444444444444444	0.5	0.0	0.0	0.2857142857142857	0.0	0.0	0.0	0.0	0.0	0.0	0.125	0.16666666666666666	0.0	0.2	0.2	0.6666666666666666	0.3333333333333333	0.16666666666666666	0.0	0.0	0.0	0.0	0.0	0.0	0.16666666666666666	0.0	0.0	0.0	0.0	0.0	0.0	0.0	
Green Sandpiper (<em class="sci">Tringa ochropus</em>)	0.0	0.0	0.0	0.0	0.0	0.0	0.0	0.0	0.0	0.1111111111111111	0.0	0.0	0.4	0.4444444444444444	0.125	0.0	0.125	0.0	0.0	0.0	0.0	0.0015	0.0	0.0	0.0	0.0	0.25	0.0	0.2	0.6	0.2	0.6666666666666666	0.3333333333333333	0.0	0.0	0.0	0.0	0.0	0.0	0.0	0.0	0.0	0.0	0.0	0.0	0.0	0.0	0.0	
Spotted Redshank (<em class="sci">Tringa erythropus</em>)	0.0	0.0	0.0	0.0	0.0	0.0	0.0	0.0	0.0	0.0	0.0	0.0	0.0	0.0	0.0	0.0	0.0	0.0	0.2	0.0	0.2	0.0	0.0	0.0	0.0	0.0	0.0	0.0	0.0	0.0	0.0	0.0	0.0	0.0	0.0	0.0	0.0	0.0	0.0	0.0	0.0	0.0	0.0	0.0	0.0	0.0	0.0	0.0	
Common Greenshank (<em class="sci">Tringa nebularia</em>)	0.0	0.0	0.0	0.0	0.0	0.0	0.0	0.0	0.0	0.0	0.0	0.0	0.0	0.0	0.0	0.0015	0.25	0.0	0.0	0.0	0.0	0.0	0.0	0.0	0.0	0.0	0.125	0.0	0.0	0.4	0.0	0.0	0.0	0.0	0.0	0.1	0.0	0.0	0.0	0.0	0.0	0.0	0.0	0.0	0.0	0.0	0.0	0.0	
Wood Sandpiper (<em class="sci">Tringa glareola</em>)	0.0	0.0	0.0	0.0	0.0	0.0	0.0	0.0	0.0	0.0	0.0	0.0	0.0	0.0	0.0	0.0	0.0	0.0	0.0	0.0	0.0	0.0	0.0	0.0	0.0	0.0	0.0	0.0	0.0	0.0	0.0	0.3333333333333333	0.0	0.0015	0.0	0.0	0.0	0.0	0.0	0.0	0.0	0.0	0.0	0.0	0.0	0.0	0.0	0.0	
Common Redshank (<em class="sci">Tringa totanus</em>)	0.0	0.0	0.0	0.0	0.2	0.0	0.125	0.0	0.125	0.7777777777777778	0.7272727272727273	0.7272727272727273	1.0	0.7777777777777778	0.625	1.0	0.75	0.25	0.8	0.7142857142857143	0.4	0.0015	0.6	0.4	0.4444444444444444	0.0	0.0	0.0	0.0	0.2	0.0	0.0	0.0	0.0	0.0	0.0	0.0	0.0	0.0	0.0	0.0	0.2	0.0	0.0	0.0	0.0	0.0	0.0	
Whimbrel (<em class="sci">Numenius phaeopus</em>)	0.0	0.0	0.0	0.0	0.0	0.0	0.0	0.0	0.0	0.0	0.0	0.0	0.0	0.0	0.0	0.0	0.125	0.0	0.0	0.0	0.0	0.0	0.0	0.0	0.0	0.0	0.0	0.0	0.0	0.0	0.0	0.0	0.0	0.0	0.0	0.0	0.0	0.0	0.0	0.0	0.0	0.0	0.0	0.0	0.0	0.0	0.0	0.0	
Eurasian Curlew (<em class="sci">Numenius arquata</em>)	0.0	0.0	0.0	0.0	0.0	0.0	0.0	0.3333333333333333	0.0	0.0	0.0	0.0	0.2	0.0	0.0	0.0	0.0	0.0	0.0	0.0	0.0	0.0	0.0	0.0	0.0	0.0	0.0	0.0	0.0	0.0	0.0	0.0	0.0	0.0	0.0	0.0	0.0	0.0	0.0	0.0	0.0	0.0	0.0	0.0	0.0	0.0	0.0	0.0	
Black-tailed Godwit (<em class="sci">Limosa limosa</em>)	0.0	0.0	0.0	0.0	0.0	0.0	0.0	0.0	0.0	0.0	0.0	0.0	0.2	0.0	0.0	0.0	0.0	0.0	0.0	0.0	0.0	0.0	0.0	0.0	0.0	0.0	0.0	0.16666666666666666	0.0	0.0	0.0	0.0	0.0	0.0015	0.0	0.0	0.0	0.0	0.0	0.0	0.16666666666666666	0.0	0.0	0.0	0.0	0.0	0.0	0.0	
Bar-tailed Godwit (<em class="sci">Limosa lapponica</em>)	0.0	0.0	0.0	0.0	0.0	0.0	0.0	0.0	0.0	0.0	0.0	0.0	0.0	0.0	0.0	0.0	0.375	0.0	0.0	0.0	0.0	0.0	0.0	0.0	0.0	0.0	0.0	0.0	0.0	0.0	0.0	0.0	0.0	0.0	0.0	0.0	0.0	0.0	0.0	0.0	0.0	0.0	0.0	0.0	0.0	0.0	0.0	0.0	
Ruff (<em class="sci">Calidris pugnax</em>)	0.0	0.0	0.0015	0.0015	0.0	0.0	0.0	0.0	0.0	0.0	0.0	0.0	0.0	0.0	0.0	0.0	0.125	0.0	0.0	0.0	0.0	0.0	0.0	0.0	0.0	0.0	0.125	0.0	0.0	0.0	0.0	0.0	0.0	0.16666666666666666	0.0	0.0	0.0	0.0	0.0	0.0	0.0	0.0	0.0	0.0	0.0	0.0	0.0	0.0	
Curlew Sandpiper (<em class="sci">Calidris ferruginea</em>)	0.0	0.0	0.0	0.0	0.0	0.0	0.0	0.0	0.0	0.0	0.0	0.0	0.0	0.0	0.0	0.0	0.0	0.0	0.0	0.0	0.0	0.0	0.0	0.0	0.0	0.0	0.0	0.0	0.0	0.0	0.0	0.0	0.0	0.0015	0.0	0.0	0.0	0.0	0.0	0.0	0.0	0.0	0.0	0.0	0.0	0.0	0.0	0.0	
Dunlin (<em class="sci">Calidris alpina</em>)	0.0	0.0	0.0015	0.0	0.0	0.0	0.0	0.0	0.0	0.0	0.09090909090909091	0.0	0.0	0.0	0.0	0.2222222222222222	0.0	0.0	0.0015	0.0	0.0	0.0	0.0	0.0	0.0	0.0	0.0	0.0	0.0	0.0	0.0	0.0	0.0	0.0	0.0	0.2	0.0	0.0	0.25	0.0	0.0	0.2	0.0	0.0	0.0	0.0	0.0	0.0	
Jack Snipe (<em class="sci">Lymnocryptes minimus</em>)	0.16666666666666666	0.2857142857142857	0.16666666666666666	0.0	0.2	0.0	0.0	0.0	0.0	0.1111111111111111	0.0	0.0	0.2	0.2222222222222222	0.25	0.2222222222222222	0.0	0.0	0.0	0.0	0.0	0.0	0.0	0.0	0.0	0.0	0.0	0.0	0.0	0.0	0.0	0.0	0.0	0.0	0.0	0.0	0.0015	0.16666666666666666	0.25	0.3333333333333333	0.3333333333333333	0.0	0.0	0.5	0.0	0.0	0.0	0.0	
Common Snipe (<em class="sci">Gallinago gallinago</em>)	0.6666666666666666	0.8571428571428571	0.6666666666666666	0.8	0.6	0.0	0.5	0.6666666666666666	0.5	0.6666666666666666	0.45454545454545453	0.7272727272727273	0.6	0.6666666666666666	0.375	0.5555555555555556	0.375	0.0	0.0	0.0	0.0	0.0	0.2	0.0	0.0	0.0	0.125	0.16666666666666666	0.4	1.0	0.4	0.6666666666666666	1.0	0.6666666666666666	0.6666666666666666	0.7	1.0	0.6666666666666666	0.5	0.6666666666666666	0.6666666666666666	0.8	0.3333333333333333	0.5	0.5	0.4	0.6666666666666666	0.5714285714285714	
Eurasian Woodcock (<em class="sci">Scolopax rusticola</em>)	0.0	0.0	0.0	0.2	0.0	0.0	0.125	0.0	0.125	0.0	0.0	0.0	0.0	0.1111111111111111	0.0	0.0	0.0	0.0	0.0	0.0	0.0	0.0	0.0	0.0	0.0	0.0	0.0	0.0	0.0	0.0	0.0	0.0	0.0	0.0	0.0	0.0	0.0	0.0	0.0	0.0	0.0	0.0	0.0	0.0	0.0	0.0	0.0	0.0	
Black-headed Gull (<em class="sci">Chroicocephalus ridibundus</em>)	0.8333333333333334	1.0	0.8333333333333334	1.0	0.6	0.6666666666666666	1.0	0.6666666666666666	0.875	1.0	1.0	1.0	0.8	0.5555555555555556	0.75	0.6666666666666666	0.875	0.5	1.0	0.8571428571428571	0.6	0.0015	0.8	1.0	0.7777777777777778	1.0	1.0	0.8333333333333334	0.8	1.0	0.8	1.0	0.6666666666666666	1.0	1.0	0.9	1.0	0.8333333333333334	0.75	1.0	0.8333333333333334	0.8	0.6666666666666666	1.0	1.0	1.0	1.0	0.8571428571428571	
Little Gull (<em class="sci">Hydrocoloeus minutus</em>)	0.0	0.0	0.0	0.0	0.0	0.0	0.0	0.0	0.0	0.0	0.0	0.09090909090909091	0.0	0.0	0.0	0.0	0.0	0.0	0.0	0.0	0.0	0.0	0.0	0.0	0.0	0.0	0.0	0.0	0.0	0.0	0.0	0.0	0.0	0.0	0.0	0.0	0.0	0.0	0.0	0.0	0.0	0.0	0.3333333333333333	0.0	0.0	0.0	0.0	0.0	
Mediterranean Gull (<em class="sci">Ichthyaetus melanocephalus</em>)	0.0	0.0	0.0	0.0	0.0	0.0	0.0	0.0	0.0	0.2222222222222222	0.0	0.0	0.0	0.0	0.0	0.0	0.0	0.0	0.0	0.0	0.0	0.0	0.0	0.0	0.0	0.0	0.0	0.0	0.0	0.0	0.0	0.0	0.0	0.0	0.0	0.0	0.0	0.0	0.0	0.0	0.0	0.0	0.0	0.0	0.0	0.0	0.0	0.0	
Mew Gull (<em class="sci">Larus canus</em>)	0.3333333333333333	1.0	0.6666666666666666	0.6	0.2	0.3333333333333333	0.75	0.3333333333333333	0.375	0.6666666666666666	0.45454545454545453	0.36363636363636365	0.4	0.0	0.375	0.0	0.125	0.25	0.8	0.2857142857142857	0.0	0.0	0.2	0.0	0.0	0.0	0.0	0.16666666666666666	0.0	0.2	0.0	0.0	0.0	0.0	0.0	0.0	0.0	0.16666666666666666	0.25	1.0	0.3333333333333333	0.2	0.3333333333333333	0.5	0.5	0.6	0.3333333333333333	0.42857142857142855	
Herring Gull (<em class="sci">Larus argentatus</em>)	0.8333333333333334	0.8571428571428571	0.8333333333333334	1.0	0.6	0.3333333333333333	0.75	0.6666666666666666	0.5	0.7777777777777778	0.8181818181818182	0.9090909090909091	1.0	0.6666666666666666	0.75	1.0	0.625	0.25	1.0	0.8571428571428571	0.4	0.0	0.8	0.8	0.3333333333333333	1.0	0.375	0.3333333333333333	0.2	0.6	0.4	0.3333333333333333	0.0	0.8333333333333334	0.6666666666666666	0.2	0.25	0.5	0.75	0.6666666666666666	0.6666666666666666	0.8	1.0	1.0	0.75	1.0	1.0	1.0	
Yellow-legged Gull (<em class="sci">Larus michahellis</em>)	0.0	0.0	0.0	0.0	0.2	0.0	0.0	0.0	0.0	0.0	0.09090909090909091	0.0	0.0	0.0	0.125	0.2222222222222222	0.125	0.0	0.0	0.14285714285714285	0.0	0.0	0.0	0.0	0.0	0.0	0.0	0.0	0.0	0.0	0.0	0.0	0.0	0.16666666666666666	0.0	0.0	0.0	0.0	0.0	0.3333333333333333	0.0	0.2	0.3333333333333333	0.0	0.0	0.0	0.0	0.0	
Caspian Gull (<em class="sci">Larus cachinnans</em>)	0.0	0.0	0.0	0.0	0.0	0.0	0.0	0.0	0.0	0.0	0.0	0.0	0.0	0.0	0.0	0.0	0.0	0.0	0.0	0.0	0.0	0.0	0.0	0.0	0.0	0.0	0.0	0.0	0.0	0.0	0.0	0.0	0.0	0.0	0.0	0.0	0.0	0.0	0.0	0.0	0.0	0.2	0.0	0.0	0.0	0.0	0.0	0.0	
Lesser Black-backed Gull (<em class="sci">Larus fuscus</em>)	0.6666666666666666	1.0	0.8333333333333334	1.0	0.4	0.6666666666666666	0.875	0.3333333333333333	0.625	0.7777777777777778	0.6363636363636364	0.5454545454545454	0.8	0.5555555555555556	0.875	0.6666666666666666	0.75	0.25	0.8	0.8571428571428571	0.4	0.0	0.8	0.6	0.3333333333333333	1.0	0.625	0.6666666666666666	0.6	0.6	0.8	0.6666666666666666	0.6666666666666666	0.8333333333333334	0.6666666666666666	0.6	0.75	0.3333333333333333	0.5	1.0	0.3333333333333333	0.6	0.6666666666666666	0.5	1.0	0.8	0.6666666666666666	1.0	
Great Black-backed Gull (<em class="sci">Larus marinus</em>)	0.3333333333333333	0.2857142857142857	0.5	0.6	0.2	0.0	0.625	0.6666666666666666	0.5	0.4444444444444444	0.45454545454545453	0.36363636363636365	0.4	0.3333333333333333	0.375	0.4444444444444444	0.25	0.0	0.4	0.2857142857142857	0.4	0.0	0.0	0.4	0.0	0.0	0.125	0.3333333333333333	0.6	0.4	0.0	0.0	0.0	0.5	0.3333333333333333	0.6	0.25	0.5	0.25	0.3333333333333333	0.5	0.4	0.3333333333333333	0.5	0.5	0.4	0.3333333333333333	0.5714285714285714	
Larus sp. (<em class="sci">Larus sp.</em>)	0.16666666666666666	0.0	0.0	0.0	0.0	0.0	0.0	0.0	0.0	0.0	0.0	0.09090909090909091	0.0	0.0	0.0	0.0	0.0	0.0	0.0	0.0	0.0	0.0	0.0	0.0	0.0	0.0	0.0	0.0	0.0	0.0	0.0	0.0	0.0	0.0	0.0	0.0	0.0	0.0	0.0	0.0	0.0	0.0	0.0	0.0	0.0	0.0	0.0	0.0	
gull sp. (<em class="sci">Larinae sp.</em>)	0.0	0.0	0.0	0.0	0.0	0.0	0.0	0.0	0.125	0.0	0.0	0.0	0.0	0.0	0.0	0.0	0.0	0.0	0.0	0.0	0.0	0.0	0.0	0.0	0.0	0.0	0.0	0.0	0.0	0.0	0.0	0.0	0.0	0.0	0.0	0.0	0.0	0.0	0.0	0.0	0.0	0.0	0.0	0.0	0.0	0.0	0.0	0.0	
Common Tern (<em class="sci">Sterna hirundo</em>)	0.0	0.0	0.0	0.0	0.0	0.0	0.0	0.0	0.0	0.0	0.0	0.0	0.0	0.0	0.25	0.5555555555555556	0.5	0.5	0.8	0.8571428571428571	1.0	0.0015	0.6	1.0	0.6666666666666666	1.0	0.75	0.8333333333333334	0.8	0.4	0.6	0.3333333333333333	0.0	0.0	0.0	0.0	0.0	0.0	0.0	0.0	0.0	0.0	0.0	0.0	0.0	0.0	0.0	0.0	
Arctic Tern (<em class="sci">Sterna paradisaea</em>)	0.0	0.0	0.0	0.0	0.0	0.0	0.0	0.0	0.0	0.0	0.0	0.0	0.0	0.0	0.0	0.0	0.0	0.0	0.0	0.14285714285714285	0.0	0.0	0.0	0.0	0.0	0.0	0.0	0.0	0.0	0.0	0.0	0.0	0.0	0.0	0.0	0.0	0.0	0.0	0.0	0.0	0.0	0.0	0.0	0.0	0.0	0.0	0.0	0.0	
Common/Arctic Tern (<em class="sci">Sterna hirundo/paradisaea</em>)	0.0	0.0	0.0	0.0	0.0	0.0	0.0	0.0	0.0	0.0	0.0	0.0	0.0	0.1111111111111111	0.0	0.0	0.0	0.0	0.0	0.0	0.0	0.0	0.0	0.0	0.0	0.0	0.0	0.0	0.0	0.0	0.0	0.0	0.0	0.0	0.0	0.0	0.0	0.0	0.0	0.0	0.0	0.0	0.0	0.0	0.0	0.0	0.0	0.0	
Sandwich Tern (<em class="sci">Thalasseus sandvicensis</em>)	0.0	0.0	0.0	0.0	0.0	0.0	0.0	0.0	0.0	0.0	0.0	0.0	0.0	0.0	0.0	0.0	0.0	0.0	0.0	0.0	0.0	0.0	0.0	0.2	0.0	0.0	0.0	0.0	0.0	0.0	0.0	0.0	0.0	0.0	0.0	0.0	0.0	0.0	0.0	0.0	0.0	0.0	0.0	0.0	0.0	0.0	0.0	0.0	
Rock Dove (<em class="sci">Columba livia</em>)	0.8333333333333334	0.5714285714285714	1.0	0.6	0.2	0.6666666666666666	0.625	0.0	0.5	0.7777777777777778	0.45454545454545453	1.0	0.6	0.5555555555555556	0.75	0.8888888888888888	0.375	0.75	0.8	0.7142857142857143	0.6	0.0015	0.8	0.6	0.4444444444444444	1.0	0.875	1.0	0.4	0.6	0.8	0.6666666666666666	1.0	1.0	1.0	0.6	0.75	0.8333333333333334	0.75	1.0	0.6666666666666666	0.8	0.6666666666666666	1.0	0.75	0.8	1.0	0.7142857142857143	
Stock Dove (<em class="sci">Columba oenas</em>)	0.16666666666666666	0.14285714285714285	0.16666666666666666	0.4	0.2	0.0	0.125	0.3333333333333333	0.125	0.2222222222222222	0.2727272727272727	0.36363636363636365	0.2	0.1111111111111111	0.25	0.4444444444444444	0.5	0.0	0.0	0.0	0.2	0.0015	0.4	0.4	0.1111111111111111	0.0	0.125	0.16666666666666666	0.6	0.2	0.2	0.0	0.0	0.3333333333333333	0.3333333333333333	0.1	0.0	0.16666666666666666	0.25	0.0	0.0	0.0	0.3333333333333333	0.0	0.25	0.2	0.0015	0.0	
Common Wood-Pigeon (<em class="sci">Columba palumbus</em>)	0.8333333333333334	1.0	0.8333333333333334	1.0	0.8	0.6666666666666666	1.0	0.6666666666666666	0.875	1.0	0.9090909090909091	0.9090909090909091	0.8	0.7777777777777778	0.75	1.0	0.875	0.5	0.8	1.0	0.8	0.0015	1.0	1.0	0.8888888888888888	1.0	0.875	1.0	0.8	0.6	0.8	1.0	1.0	1.0	1.0	0.8	1.0	1.0	0.75	1.0	0.6666666666666666	0.8	1.0	1.0	1.0	1.0	1.0	1.0	
Eurasian Collared-Dove (<em class="sci">Streptopelia decaocto</em>)	0.0	0.14285714285714285	0.0	0.0	0.0	0.0	0.0	0.0	0.0	0.1111111111111111	0.2727272727272727	0.0	0.2	0.0	0.125	0.1111111111111111	0.125	0.0	0.0	0.42857142857142855	0.4	0.0	0.2	0.6	0.1111111111111111	0.0	0.0015	0.3333333333333333	0.2	0.0	0.0	0.0	0.3333333333333333	0.0	0.0	0.1	0.0	0.0	0.0	0.0	0.0	0.0	0.0	0.5	0.0	0.0	0.0	0.0	
Common Swift (<em class="sci">Apus apus</em>)	0.0	0.0	0.0	0.0	0.0	0.0	0.0	0.0	0.0	0.0	0.0	0.0	0.0	0.0	0.0	0.3333333333333333	0.625	0.5	1.0	0.8571428571428571	0.8	0.0015	1.0	1.0	0.5555555555555556	1.0	0.75	0.8333333333333334	0.8	0.6	0.4	0.3333333333333333	0.0	0.0	0.0	0.0	0.0	0.0	0.0	0.0	0.0	0.0	0.0	0.0	0.0	0.0	0.0	0.0	
Common Kingfisher (<em class="sci">Alcedo atthis</em>)	0.0	0.14285714285714285	0.16666666666666666	0.0	0.2	0.0	0.0	0.0	0.0	0.0	0.0	0.0	0.0	0.0	0.0	0.0015	0.0	0.0	0.0	0.0	0.2	0.0015	0.0	0.0	0.1111111111111111	0.0	0.125	0.3333333333333333	0.0	0.0	0.2	0.6666666666666666	0.0	0.16666666666666666	0.0	0.0	0.25	0.16666666666666666	0.0	0.0	0.0	0.0	0.0	0.0	0.0	0.0	0.0	0.0	
Great Spotted Woodpecker (<em class="sci">Dendrocopos major</em>)	0.16666666666666666	0.14285714285714285	0.16666666666666666	0.0015	0.2	0.0	0.125	0.0	0.375	0.4444444444444444	0.2727272727272727	0.18181818181818182	0.4	0.0	0.125	0.2222222222222222	0.125	0.5	0.2	0.2857142857142857	0.4	0.0	0.4	0.2	0.2222222222222222	0.0	0.375	0.5	0.2	0.2	0.4	0.0	0.0015	0.6666666666666666	0.3333333333333333	0.4	0.25	0.5	0.5	0.3333333333333333	0.3333333333333333	0.0	0.0	0.0	0.0	0.4	0.0	0.14285714285714285	
Eurasian Green Woodpecker (<em class="sci">Picus viridis</em>)	0.16666666666666666	0.5714285714285714	0.3333333333333333	0.2	0.2	0.3333333333333333	0.625	0.0	0.0	0.5555555555555556	0.18181818181818182	0.36363636363636365	0.8	0.2222222222222222	0.375	0.1111111111111111	0.25	0.0	0.0015	0.2857142857142857	0.2	0.0	0.2	0.2	0.3333333333333333	0.0015	0.5	0.3333333333333333	0.4	0.2	0.6	0.6666666666666666	0.6666666666666666	0.5	0.3333333333333333	0.6	0.25	0.3333333333333333	0.5	0.3333333333333333	0.6666666666666666	0.6	0.6666666666666666	0.0	0.25	0.4	0.6666666666666666	0.42857142857142855	
Common Kestrel (<em class="sci">Falco tinnunculus</em>)	0.0	0.0	0.0015	0.2	0.2	0.0	0.0	0.0	0.0	0.1111111111111111	0.09090909090909091	0.18181818181818182	0.0	0.1111111111111111	0.0	0.1111111111111111	0.125	0.0	0.2	0.5714285714285714	0.2	0.0	0.6	0.0	0.1111111111111111	0.0	0.0	0.0	0.4	0.0	0.0	0.0	0.3333333333333333	0.16666666666666666	0.3333333333333333	0.5	0.0	0.16666666666666666	0.0	0.0	0.0	0.0	0.0	0.0	0.25	0.2	0.0	0.14285714285714285	
Eurasian Hobby (<em class="sci">Falco subbuteo</em>)	0.0	0.0	0.0	0.0	0.0	0.0	0.0	0.0	0.0	0.0	0.0	0.0	0.0	0.0	0.0	0.0015	0.0	0.0	0.0	0.42857142857142855	0.2	0.0	0.2	0.0	0.1111111111111111	0.0	0.0	0.0	0.2	0.0	0.0	0.3333333333333333	0.3333333333333333	0.3333333333333333	0.0015	0.1	0.0	0.0	0.0	0.0	0.0	0.0	0.0	0.0	0.0	0.0	0.0	0.0	
Peregrine Falcon (<em class="sci">Falco peregrinus</em>)	0.16666666666666666	0.42857142857142855	0.16666666666666666	0.2	0.4	0.0	0.375	0.0	0.25	0.0	0.09090909090909091	0.18181818181818182	0.4	0.0	0.125	0.1111111111111111	0.375	0.0	0.0	0.14285714285714285	0.2	0.0	0.0	0.0	0.0	0.0015	0.5	0.3333333333333333	0.2	0.0	0.2	0.3333333333333333	0.3333333333333333	0.0	0.3333333333333333	0.2	0.25	0.3333333333333333	0.25	0.0	0.0	0.4	0.3333333333333333	0.0	0.25	0.4	0.0015	0.14285714285714285	
Ring-necked Parakeet (<em class="sci">Psittacula krameri</em>)	0.8333333333333334	0.7142857142857143	0.8333333333333334	0.8	0.8	0.6666666666666666	0.75	0.6666666666666666	0.875	0.6666666666666666	0.9090909090909091	0.9090909090909091	1.0	0.6666666666666666	0.75	0.8888888888888888	0.875	1.0	0.8	0.8571428571428571	0.8	0.0015	0.8	1.0	0.5555555555555556	0.0015	0.75	0.3333333333333333	0.6	0.6	0.8	0.6666666666666666	0.6666666666666666	1.0	1.0	0.7	0.75	0.6666666666666666	0.5	1.0	0.5	0.8	0.6666666666666666	1.0	1.0	1.0	1.0	0.8571428571428571	
parakeet sp. (<em class="sci">Psittaciformes sp. (parakeet sp.)</em>)	0.0	0.0	0.0	0.0	0.0	0.0	0.0	0.0	0.0	0.0	0.0	0.0	0.0	0.0	0.0	0.0	0.0	0.0	0.0	0.0	0.0	0.0	0.2	0.0	0.0	0.0	0.0	0.0	0.0	0.0	0.0	0.0	0.0	0.0	0.0	0.0	0.0	0.0	0.0	0.0	0.0	0.0	0.0	0.0	0.0	0.0	0.0	0.0	
Red-backed Shrike (<em class="sci">Lanius collurio</em>)	0.0	0.0	0.0	0.0	0.0	0.0	0.0	0.0	0.0	0.0	0.0	0.0	0.0	0.0	0.0	0.0	0.0	0.0	0.0	0.14285714285714285	0.0	0.0	0.0	0.0	0.0	0.0	0.0	0.0	0.0	0.0	0.0	0.0	0.0	0.0	0.0	0.0	0.0	0.0	0.0	0.0	0.0	0.0	0.0	0.0	0.0	0.0	0.0	0.0	
Eurasian Jay (<em class="sci">Garrulus glandarius</em>)	0.0	0.14285714285714285	0.0	0.0	0.2	0.3333333333333333	0.625	0.0	0.25	0.4444444444444444	0.09090909090909091	0.2727272727272727	0.4	0.2222222222222222	0.0	0.4444444444444444	0.25	0.0	0.6	0.5714285714285714	0.2	0.0015	0.6	0.8	0.2222222222222222	0.0	0.25	0.6666666666666666	0.2	0.4	0.4	0.3333333333333333	0.3333333333333333	0.3333333333333333	0.0015	0.3	0.25	0.3333333333333333	0.5	0.6666666666666666	0.3333333333333333	0.0	0.6666666666666666	0.5	0.5	0.0	1.0	0.14285714285714285	
Common Magpie (<em class="sci">Pica pica</em>)	0.8333333333333334	0.8571428571428571	0.6666666666666666	0.8	0.6	0.6666666666666666	1.0	0.6666666666666666	0.75	0.6666666666666666	0.9090909090909091	1.0	0.8	0.6666666666666666	0.625	1.0	0.875	0.75	1.0	1.0	1.0	0.0	1.0	1.0	0.5555555555555556	0.5	0.875	1.0	0.8	1.0	0.6	0.6666666666666666	0.6666666666666666	1.0	0.6666666666666666	0.9	1.0	0.6666666666666666	0.75	1.0	0.6666666666666666	0.8	1.0	1.0	0.75	1.0	1.0	1.0	
Eurasian Jackdaw (<em class="sci">Corvus monedula</em>)	0.5	0.7142857142857143	0.5	0.6	0.6	0.6666666666666666	0.625	0.6666666666666666	0.625	0.6666666666666666	0.6363636363636364	0.45454545454545453	0.4	0.5555555555555556	0.75	0.8888888888888888	0.75	0.5	1.0	1.0	0.6	0.0015	0.8	0.8	0.4444444444444444	0.5	0.625	0.8333333333333334	0.2	0.6	0.8	0.3333333333333333	0.6666666666666666	0.6666666666666666	1.0	0.5	1.0	0.8333333333333334	0.5	0.3333333333333333	0.5	0.2	0.3333333333333333	0.5	0.25	0.6	0.6666666666666666	0.5714285714285714	
Rook (<em class="sci">Corvus frugilegus</em>)	0.0	0.0	0.0	0.0	0.0	0.0	0.0	0.0	0.0	0.1111111111111111	0.0	0.0	0.0	0.0	0.0	0.0	0.0	0.0	0.0	0.14285714285714285	0.2	0.0	0.0	0.0	0.0	0.0	0.0	0.0	0.0	0.0	0.0	0.0	0.0	0.0	0.0	0.0	0.25	0.0	0.0	0.0	0.0	0.0	0.3333333333333333	0.0	0.0	0.0	0.0	0.0	
Carrion Crow (<em class="sci">Corvus corone</em>)	0.8333333333333334	1.0	1.0	1.0	0.6	0.6666666666666666	0.875	0.6666666666666666	0.75	0.8888888888888888	0.9090909090909091	0.8181818181818182	1.0	0.6666666666666666	0.75	1.0	0.75	0.5	1.0	1.0	0.8	0.0	1.0	1.0	0.3333333333333333	1.0	0.75	0.8333333333333334	0.8	0.8	0.6	1.0	0.6666666666666666	1.0	1.0	0.8	0.5	0.8333333333333334	0.75	1.0	0.6666666666666666	0.8	1.0	1.0	1.0	1.0	1.0	0.8571428571428571	
crow sp. (<em class="sci">Corvus sp. (crow sp.)</em>)	0.0	0.0	0.0	0.0	0.0	0.0	0.0	0.0	0.125	0.0	0.0	0.09090909090909091	0.0	0.0	0.0	0.0	0.0	0.0	0.0	0.0	0.0	0.0	0.0	0.0	0.0	0.0	0.0	0.0	0.0	0.0	0.0	0.0	0.0	0.0	0.0	0.0	0.0	0.0	0.0	0.0	0.0	0.0	0.0	0.0	0.0	0.0	0.0	0.0	
Bearded Tit (<em class="sci">Panurus biarmicus</em>)	0.0	0.0	0.0	0.0	0.0	0.0	0.0	0.0	0.0	0.0	0.0	0.0	0.0	0.1111111111111111	0.0	0.0	0.0	0.0	0.0	0.0	0.0	0.0	0.0	0.0	0.0	0.0	0.0	0.0	0.0	0.0	0.0	0.0	0.0	0.0	0.0	0.0	0.0	0.0	0.0	0.0	0.0	0.0	0.0	0.0	0.0	0.0	0.0	0.0	
Skylark (<em class="sci">Alauda arvensis</em>)	0.0	0.0	0.0015	0.0	0.0	0.0	0.0	0.0015	0.0	0.1111111111111111	0.0	0.0	0.0	0.0	0.0	0.0	0.0	0.0	0.0	0.0	0.0	0.0	0.2	0.0	0.0	0.0	0.0	0.0	0.0	0.0	0.0	0.0	0.0	0.0	0.0	0.0	0.0	0.0	0.0	0.0	0.0	0.0	0.0	0.0	0.0	0.0	0.0	0.0	
Sand Martin (<em class="sci">Riparia riparia</em>)	0.0	0.0	0.0	0.0	0.0	0.0	0.0	0.0	0.0	0.0	0.2727272727272727	0.09090909090909091	0.8	0.5555555555555556	0.625	0.8888888888888888	0.75	0.25	1.0	1.0	1.0	0.0015	0.8	1.0	0.6666666666666666	0.5	0.75	1.0	0.6	1.0	0.2	0.6666666666666666	0.0	0.6666666666666666	0.6666666666666666	0.0	0.0	0.0	0.0	0.0	0.0	0.0	0.0	0.0	0.0	0.0	0.0	0.0	
Barn Swallow (<em class="sci">Hirundo rustica</em>)	0.0	0.0	0.0	0.0	0.0	0.0	0.0	0.0	0.0	0.0	0.0	0.0	0.2	0.2222222222222222	0.375	0.6666666666666666	0.375	0.75	0.6	0.5714285714285714	0.0	0.0	0.0	0.0	0.1111111111111111	0.5	0.375	0.16666666666666666	0.4	0.4	0.0	0.0	0.3333333333333333	0.5	0.6666666666666666	0.5	0.25	0.16666666666666666	0.0	0.0	0.0	0.0	0.0	0.0	0.0	0.0	0.0	0.0	
Common House-Martin (<em class="sci">Delichon urbicum</em>)	0.0	0.0	0.0	0.0	0.0	0.0	0.0	0.0	0.0	0.0	0.0	0.0	0.2	0.0	0.25	0.2222222222222222	0.375	0.5	0.8	0.7142857142857143	0.2	0.0	0.4	0.4	0.2222222222222222	0.5	0.5	0.16666666666666666	0.6	0.6	0.2	0.3333333333333333	0.3333333333333333	0.8333333333333334	1.0	0.2	0.25	0.0	0.0	0.0	0.0	0.0	0.0	0.0	0.0	0.0	0.0	0.0	
Coal Tit (<em class="sci">Periparus ater</em>)	0.0	0.14285714285714285	0.3333333333333333	0.0	0.0	0.3333333333333333	0.0	0.0	0.125	0.2222222222222222	0.09090909090909091	0.09090909090909091	0.0	0.0	0.0	0.0	0.125	0.0	0.0	0.0	0.2	0.0	0.0	0.4	0.0015	0.0	0.0	0.0	0.0	0.0	0.2	0.0	0.3333333333333333	0.0	0.0	0.1	0.0015	0.16666666666666666	0.0	0.0	0.0	0.0	0.0	0.0015	0.0	0.0	0.0	0.0	
Great Tit (<em class="sci">Parus major</em>)	0.8333333333333334	1.0	0.8333333333333334	0.8	0.8	0.6666666666666666	1.0	0.6666666666666666	0.875	0.7777777777777778	0.9090909090909091	1.0	1.0	0.6666666666666666	0.625	1.0	0.625	0.5	1.0	1.0	0.4	0.0015	0.4	0.8	0.6666666666666666	0.5	0.875	0.8333333333333334	0.8	0.6	1.0	1.0	0.6666666666666666	1.0	1.0	0.8	1.0	0.8333333333333334	0.75	1.0	0.8333333333333334	0.6	1.0	1.0	1.0	0.6	1.0	1.0	
Blue Tit (<em class="sci">Cyanistes caeruleus</em>)	0.8333333333333334	1.0	0.8333333333333334	1.0	0.8	0.6666666666666666	1.0	0.6666666666666666	0.75	0.8888888888888888	0.7272727272727273	0.9090909090909091	0.8	0.5555555555555556	0.75	0.8888888888888888	0.625	0.25	0.8	0.8571428571428571	0.8	0.0015	0.4	1.0	0.4444444444444444	0.5	0.625	0.8333333333333334	0.8	0.8	1.0	1.0	0.6666666666666666	1.0	0.6666666666666666	0.8	1.0	0.8333333333333334	0.75	0.6666666666666666	0.8333333333333334	0.6	1.0	0.5	0.75	1.0	1.0	0.8571428571428571	
Long-tailed Tit (<em class="sci">Aegithalos caudatus</em>)	0.6666666666666666	0.7142857142857143	0.5	0.2	0.6	0.6666666666666666	0.5	0.6666666666666666	0.375	0.6666666666666666	0.36363636363636365	0.5454545454545454	0.6	0.4444444444444444	0.375	0.6666666666666666	0.625	0.5	0.4	0.42857142857142855	0.4	0.0015	0.2	0.8	0.4444444444444444	0.0015	0.125	0.3333333333333333	0.0	0.6	0.6	0.3333333333333333	0.6666666666666666	0.5	0.3333333333333333	0.3	0.25	0.0	0.75	0.3333333333333333	0.16666666666666666	0.4	0.6666666666666666	0.5	1.0	0.4	0.6666666666666666	0.7142857142857143	
Eurasian Nuthatch (<em class="sci">Sitta europaea</em>)	0.0	0.0	0.0	0.0	0.0	0.0	0.0	0.0	0.0	0.0	0.0	0.0	0.0	0.0	0.0	0.0	0.0	0.0	0.0	0.0	0.0	0.0	0.0	0.0	0.0	0.0	0.0	0.0	0.0	0.0	0.0	0.0	0.0	0.0	0.0	0.0	0.0	0.0	0.25	0.0	0.0	0.0	0.0	0.0	0.0	0.0	0.0	0.0	
Eurasian Treecreeper (<em class="sci">Certhia familiaris</em>)	0.0	0.0	0.0	0.0	0.0	0.0	0.0	0.0	0.0	0.0	0.0	0.0	0.0	0.0	0.0	0.0	0.0	0.0	0.0	0.0	0.0	0.0	0.2	0.0	0.0	0.0	0.0	0.0	0.0	0.0	0.0	0.0	0.0	0.0	0.0	0.1	0.0	0.0	0.0	0.0	0.0	0.0	0.0	0.0	0.0	0.0	0.0	0.0	
Eurasian Wren (<em class="sci">Troglodytes troglodytes</em>)	0.5	0.7142857142857143	0.6666666666666666	0.6	0.4	0.3333333333333333	0.75	0.0	0.5	0.5555555555555556	0.6363636363636364	0.8181818181818182	0.6	0.4444444444444444	0.5	0.7777777777777778	0.625	0.5	0.4	0.8571428571428571	0.6	0.0	0.6	1.0	0.4444444444444444	0.5	0.375	0.3333333333333333	0.6	0.2	0.6	0.3333333333333333	0.0	0.0	0.3333333333333333	0.6	0.5	0.6666666666666666	0.5	0.3333333333333333	0.16666666666666666	0.4	0.6666666666666666	1.0	0.5	0.2	0.3333333333333333	0.2857142857142857	
Goldcrest (<em class="sci">Regulus regulus</em>)	0.0	0.14285714285714285	0.0	0.0	0.0	0.0	0.125	0.0	0.125	0.0	0.09090909090909091	0.0	0.0	0.0	0.125	0.3333333333333333	0.125	0.0	0.0	0.14285714285714285	0.0	0.0	0.0	0.0	0.0	0.0	0.0	0.16666666666666666	0.0	0.0	0.0	0.0	0.0	0.0	0.0	0.0	0.0015	0.3333333333333333	0.25	0.0015	0.16666666666666666	0.0	0.6666666666666666	0.0	0.0	0.0	0.3333333333333333	0.2857142857142857	
Cetti's Warbler (<em class="sci">Cettia cetti</em>)	0.3333333333333333	0.14285714285714285	0.16666666666666666	0.0	0.2	0.0	0.0	0.3333333333333333	0.125	0.6666666666666666	0.2727272727272727	0.45454545454545453	0.8	0.4444444444444444	0.75	0.6666666666666666	0.625	0.5	0.8	0.8571428571428571	0.4	0.0	0.2	0.4	0.1111111111111111	0.0	0.125	0.16666666666666666	0.0	0.0	0.2	0.6666666666666666	0.0	0.16666666666666666	0.3333333333333333	0.1	0.25	0.16666666666666666	0.5	0.3333333333333333	0.0015	0.2	0.0	0.0	0.0	0.2	0.0	0.14285714285714285	
Willow Warbler (<em class="sci">Phylloscopus trochilus</em>)	0.0	0.0	0.0	0.0	0.0	0.0	0.0	0.0	0.0	0.0	0.0	0.0	0.6	0.1111111111111111	0.75	0.5555555555555556	0.125	0.0	0.2	0.7142857142857143	0.0	0.0	0.2	0.0	0.0	0.0	0.0	0.0	0.2	0.2	0.2	0.3333333333333333	0.0015	0.16666666666666666	0.3333333333333333	0.0	0.0	0.0	0.0	0.0	0.0	0.0	0.0	0.0	0.0	0.0	0.0	0.0	
Common Chiffchaff (<em class="sci">Phylloscopus collybita</em>)	0.0	0.0	0.0	0.0	0.0	0.0	0.0	0.0	0.0	0.6666666666666666	0.45454545454545453	0.5454545454545454	0.6	0.6666666666666666	0.75	0.4444444444444444	0.375	0.0	0.4	0.42857142857142855	0.0	0.0015	0.2	0.6	0.2222222222222222	0.0	0.125	0.16666666666666666	0.4	0.0	0.8	0.3333333333333333	0.6666666666666666	0.6666666666666666	1.0	0.5	0.0	0.16666666666666666	0.5	0.0	0.0	0.0	0.3333333333333333	0.0015	0.0	0.2	0.0	0.14285714285714285	
Willow Warbler/Common Chiffchaff (<em class="sci">Phylloscopus trochilus/collybita</em>)	0.0	0.0	0.0	0.0	0.0	0.0	0.0	0.0	0.0	0.0	0.0	0.0	0.0	0.0	0.0	0.0	0.0	0.0	0.0	0.0	0.0	0.0	0.0	0.0	0.0	0.0	0.0	0.0	0.0	0.0	0.0	0.0	0.0	0.0	0.0	0.1	0.0	0.0	0.0	0.0	0.0	0.0	0.0	0.0	0.0	0.0	0.0	0.0	
Sedge Warbler (<em class="sci">Acrocephalus schoenobaenus</em>)	0.0	0.0	0.0	0.0	0.0	0.0	0.0	0.0	0.0	0.0	0.0	0.0	0.0	0.0	0.0	0.2222222222222222	0.25	0.0	0.4	0.42857142857142855	0.2	0.0015	0.4	0.0	0.1111111111111111	0.5	0.0	0.16666666666666666	0.2	0.2	0.2	0.3333333333333333	0.0015	0.16666666666666666	0.0	0.0	0.0	0.0	0.0	0.0	0.0	0.0	0.0	0.0015	0.0	0.0	0.0	0.0	
Eurasian Reed-Warbler (<em class="sci">Acrocephalus scirpaceus</em>)	0.0	0.0	0.0	0.0	0.0	0.0	0.0	0.0	0.0	0.0	0.0	0.0	0.0	0.0	0.0	0.6666666666666666	0.625	0.25	1.0	0.8571428571428571	0.6	0.0015	0.8	0.8	0.4444444444444444	1.0	0.625	0.5	0.4	0.0	0.6	0.3333333333333333	0.0	0.16666666666666666	0.0	0.1	0.5	0.0	0.0	0.0	0.0	0.0	0.0	0.0	0.0	0.0	0.0	0.0	
Blackcap (<em class="sci">Sylvia atricapilla</em>)	0.0	0.0	0.0	0.0	0.0	0.0	0.0	0.0	0.0	0.0	0.09090909090909091	0.09090909090909091	0.8	0.3333333333333333	0.5	0.6666666666666666	0.375	0.5	0.4	0.5714285714285714	0.2	0.0015	0.4	0.2	0.3333333333333333	0.0	0.25	0.0	0.2	0.0	0.0	0.0	0.0	0.0	0.3333333333333333	0.2	0.0	0.0	0.0	0.0	0.0	0.0	0.0	0.0	0.0	0.0	0.0	0.0	
Garden Warbler (<em class="sci">Sylvia borin</em>)	0.0	0.0	0.0	0.0	0.0	0.0	0.0	0.0	0.0	0.0	0.0	0.0	0.0	0.1111111111111111	0.0	0.0	0.25	0.25	0.4	0.2857142857142857	0.2	0.0	0.2	0.0	0.2222222222222222	0.0	0.0	0.0	0.0	0.0	0.2	0.0	0.0	0.0	0.0	0.0	0.0	0.0	0.0	0.0	0.0	0.0	0.0	0.0	0.0	0.0	0.0	0.0	
Lesser Whitethroat (<em class="sci">Sylvia curruca</em>)	0.0	0.0	0.0	0.0	0.0	0.0	0.0	0.0	0.0	0.0	0.0	0.0	0.0	0.0	0.0	0.1111111111111111	0.125	0.0	0.2	0.2857142857142857	0.0	0.0	0.0	0.4	0.1111111111111111	0.0	0.0	0.0	0.0	0.0	0.0	0.0	0.0	0.0	0.0	0.0	0.0	0.0	0.0	0.0	0.0	0.0	0.0	0.0	0.0	0.0	0.0	0.0	
Whitethroat (<em class="sci">Sylvia communis</em>)	0.0	0.0	0.0	0.0	0.0	0.0	0.0	0.0	0.0	0.0	0.0	0.0	0.0	0.0	0.0	0.0	0.375	0.0015	0.0	0.14285714285714285	0.0	0.0	0.2	0.0	0.0	0.0	0.25	0.0	0.2	0.0	0.0015	0.3333333333333333	0.0	0.0	0.0	0.0	0.0	0.0	0.0	0.0	0.0	0.0	0.0	0.0	0.0	0.0	0.0	0.0	
Spotted Flycatcher (<em class="sci">Muscicapa striata</em>)	0.0	0.0	0.0	0.0	0.0	0.0	0.0	0.0	0.0	0.0	0.0	0.0	0.0	0.0	0.0	0.0	0.0	0.0	0.0	0.0	0.0	0.0	0.0	0.0	0.0	0.0	0.0	0.0	0.0	0.0	0.0015	0.0	0.0	0.16666666666666666	0.0	0.0	0.0	0.0	0.0	0.0	0.0	0.0	0.0	0.0	0.0	0.0	0.0	0.0	
Robin (<em class="sci">Erithacus rubecula</em>)	0.8333333333333334	1.0	0.8333333333333334	1.0	0.8	0.6666666666666666	1.0	0.6666666666666666	0.75	0.7777777777777778	0.7272727272727273	1.0	1.0	0.6666666666666666	0.75	1.0	0.75	0.25	1.0	1.0	0.8	0.0015	0.6	1.0	0.5555555555555556	0.5	0.75	0.6666666666666666	0.8	0.2	0.6	1.0	0.6666666666666666	0.8333333333333334	0.6666666666666666	0.8	1.0	1.0	0.75	1.0	0.6666666666666666	0.8	1.0	1.0	1.0	1.0	1.0	1.0	
Nightingale (<em class="sci">Luscinia megarhynchos</em>)	0.0	0.0	0.0	0.0	0.0	0.0	0.0	0.0	0.0	0.0	0.0	0.0	0.0	0.0	0.0	0.0	0.0	0.0	0.0	0.0	0.0	0.0	0.0	0.0	0.0	0.0	0.0015	0.0	0.0	0.0	0.0	0.0	0.0	0.0	0.0	0.0	0.0	0.0	0.0	0.0	0.0	0.0	0.0	0.0	0.0	0.0	0.0	0.0	
Redstart (<em class="sci">Phoenicurus phoenicurus</em>)	0.0	0.0	0.0	0.0	0.0	0.0	0.0	0.0	0.0	0.0	0.0	0.0	0.0015	0.0	0.0	0.0	0.0	0.0	0.0	0.0	0.0	0.0	0.0	0.0	0.0	0.0	0.0	0.0	0.0	0.0	0.0	0.0	0.0	0.0	0.0	0.0	0.0	0.0	0.0	0.0	0.0	0.0	0.0	0.0	0.0	0.0	0.0	0.0	
Black Redstart (<em class="sci">Phoenicurus ochruros</em>)	0.0	0.0015	0.0	0.0	0.0	0.0	0.0	0.0	0.0	0.0	0.0	0.0	0.0	0.0015	0.125	0.0	0.0	0.0	0.0	0.0	0.0	0.0	0.0	0.0	0.0	0.0	0.0	0.0	0.0	0.0	0.0	0.0	0.0	0.0	0.0	0.0	0.0	0.0	0.0	0.0	0.0	0.0	0.0	0.0	0.0	0.0	0.0	0.0	
Whinchat (<em class="sci">Saxicola rubetra</em>)	0.0	0.0	0.0	0.0	0.0	0.0	0.0	0.0	0.0	0.0	0.0	0.0	0.0	0.0	0.0	0.0	0.0	0.0	0.0	0.0	0.0	0.0	0.0	0.0	0.0	0.0	0.0	0.0	0.0	0.0	0.0015	0.6666666666666666	0.3333333333333333	0.0	0.0	0.2	0.0	0.0	0.0	0.0	0.0	0.0	0.0	0.0	0.0	0.0	0.0	0.0	
Stonechat (<em class="sci">Saxicola rubicola</em>)	0.3333333333333333	0.14285714285714285	0.3333333333333333	0.4	0.2	0.3333333333333333	0.375	0.3333333333333333	0.0	0.0	0.0	0.0	0.0	0.0	0.0	0.0	0.0	0.0	0.0	0.0	0.0	0.0	0.2	0.0	0.0	0.0	0.0	0.0	0.0	0.0	0.0	0.0	0.0	0.0	0.0015	0.2	0.25	0.16666666666666666	0.5	0.0	0.16666666666666666	0.4	0.6666666666666666	0.5	0.25	0.4	0.6666666666666666	0.0	
Wheatear (<em class="sci">Oenanthe oenanthe</em>)	0.0	0.0	0.0	0.0	0.0	0.0	0.0	0.0	0.0	0.0	0.0	0.0	0.0	0.2222222222222222	0.125	0.4444444444444444	0.125	0.0	0.0	0.14285714285714285	0.0	0.0	0.0	0.0	0.0	0.0	0.0	0.0	0.0	0.0	0.0015	0.0	0.0	0.0015	0.0	0.1	0.0	0.16666666666666666	0.0	0.0	0.0	0.0	0.0	0.0	0.0	0.0	0.0	0.0	
Ring Ouzel (<em class="sci">Turdus torquatus</em>)	0.0	0.0	0.0	0.0	0.0	0.0	0.0	0.0	0.0	0.0	0.09090909090909091	0.0	0.0	0.0	0.0	0.1111111111111111	0.0	0.0	0.0	0.0	0.0	0.0	0.0	0.0	0.0	0.0	0.0	0.0	0.0	0.0	0.0	0.0	0.0	0.0	0.0	0.0	0.0	0.0	0.0	0.0	0.0	0.0	0.0	0.0	0.0	0.0	0.0	0.0	
Blackbird (<em class="sci">Turdus merula</em>)	0.8333333333333334	0.8571428571428571	0.6666666666666666	1.0	0.8	0.6666666666666666	0.875	0.6666666666666666	0.5	0.7777777777777778	0.9090909090909091	0.8181818181818182	0.8	0.8888888888888888	0.75	0.8888888888888888	0.75	0.75	1.0	1.0	0.8	0.0015	0.8	0.8	0.5555555555555556	1.0	0.875	1.0	0.6	0.2	0.4	0.6666666666666666	0.3333333333333333	0.3333333333333333	0.6666666666666666	0.4	0.75	0.5	0.75	1.0	0.5	0.6	0.6666666666666666	0.5	1.0	1.0	0.6666666666666666	1.0	
Fieldfare (<em class="sci">Turdus pilaris</em>)	0.0	0.0	0.0	0.0	0.4	0.0	0.0	0.0	0.0	0.1111111111111111	0.09090909090909091	0.09090909090909091	0.2	0.0	0.0	0.0	0.0	0.0	0.0	0.0	0.0	0.0	0.0	0.0	0.0	0.0	0.0	0.0	0.0	0.0	0.0	0.0	0.0	0.0	0.0	0.0	0.0	0.0	0.0	0.0	0.0	0.0	0.3333333333333333	0.0	0.0	0.0	0.3333333333333333	0.42857142857142855	
Redwing (<em class="sci">Turdus iliacus</em>)	0.0	0.42857142857142855	0.3333333333333333	0.6	0.6	0.3333333333333333	0.125	0.3333333333333333	0.125	0.2222222222222222	0.0	0.09090909090909091	0.0	0.1111111111111111	0.0	0.0	0.0	0.0	0.0	0.0	0.0	0.0	0.0	0.0	0.0	0.0	0.0	0.0	0.0	0.0	0.0	0.0	0.0	0.0	0.0	0.0	0.0	0.0	0.25	0.0	0.0	0.2	0.0	0.0	0.0	0.0	0.3333333333333333	0.42857142857142855	
Song Thrush (<em class="sci">Turdus philomelos</em>)	0.0	0.14285714285714285	0.0	0.0	0.0	0.0	0.125	0.0	0.125	0.6666666666666666	0.18181818181818182	0.0	0.4	0.3333333333333333	0.5	0.3333333333333333	0.125	0.0	0.6	0.42857142857142855	0.4	0.0	0.2	0.2	0.3333333333333333	0.0	0.0	0.16666666666666666	0.0	0.0	0.0	0.3333333333333333	0.0	0.0	0.0	0.1	0.0	0.0	0.0	0.0	0.0	0.0	0.3333333333333333	0.0	0.0	0.0	0.3333333333333333	0.14285714285714285	
Mistle Thrush (<em class="sci">Turdus viscivorus</em>)	0.0	0.0	0.0	0.2	0.0	0.0	0.25	0.0015	0.25	0.4444444444444444	0.18181818181818182	0.2727272727272727	0.2	0.2222222222222222	0.125	0.3333333333333333	0.375	0.0	0.0	0.0	0.0	0.0	0.0	0.0	0.0	0.0	0.125	0.0	0.0	0.2	0.0	0.3333333333333333	0.0	0.16666666666666666	0.0	0.3	0.25	0.0	0.0	0.0	0.0	0.0	0.3333333333333333	0.5	0.0	0.0	0.0	0.14285714285714285	
Starling (<em class="sci">Sturnus vulgaris</em>)	0.5	0.8571428571428571	0.6666666666666666	0.8	0.6	0.6666666666666666	0.875	0.3333333333333333	0.625	0.8888888888888888	0.7272727272727273	0.8181818181818182	0.8	0.5555555555555556	0.75	1.0	0.625	0.75	1.0	1.0	1.0	0.0015	1.0	1.0	0.6666666666666666	1.0	0.75	0.8333333333333334	0.6	0.8	0.8	1.0	1.0	0.8333333333333334	1.0	0.7	0.75	0.8333333333333334	0.75	1.0	0.6666666666666666	0.6	1.0	1.0	0.75	0.8	1.0	1.0	
Dunnock (<em class="sci">Prunella modularis</em>)	0.0	0.2857142857142857	0.5	0.2	0.2	0.6666666666666666	0.5	0.0	0.25	0.4444444444444444	0.2727272727272727	0.2727272727272727	0.2	0.2222222222222222	0.25	0.1111111111111111	0.25	0.0	0.0	0.5714285714285714	0.2	0.0	0.0	0.0	0.1111111111111111	0.0	0.25	0.0	0.2	0.0	0.0	0.3333333333333333	0.0	0.16666666666666666	0.0	0.1	0.25	0.0	0.0	0.3333333333333333	0.0	0.2	0.0	0.0	0.0	0.2	0.3333333333333333	0.2857142857142857	
Yellow Wagtail (<em class="sci">Motacilla flava</em>)	0.0	0.0	0.0	0.0	0.0	0.0	0.0	0.0	0.0	0.0	0.0	0.0	0.2	0.1111111111111111	0.125	0.2222222222222222	0.375	0.0	0.0	0.0	0.0	0.0	0.0	0.0	0.0	0.0	0.0	0.0	0.0	0.0	0.0	0.3333333333333333	0.0	0.0	0.3333333333333333	0.0	0.0	0.0	0.0	0.0	0.0	0.0	0.0	0.0	0.0	0.0	0.0	0.0	
Grey Wagtail (<em class="sci">Motacilla cinerea</em>)	0.0	0.0	0.16666666666666666	0.0	0.0	0.0	0.0015	0.0	0.0	0.1111111111111111	0.0	0.0	0.0	0.0015	0.125	0.0	0.0	0.0	0.0	0.0	0.2	0.0	0.0	0.0	0.0	0.0	0.0	0.0	0.0	0.0	0.0015	0.0	0.0	0.0	0.0	0.2	0.25	0.0	0.0	0.0	0.0	0.2	0.3333333333333333	0.0	0.0	0.0	0.0	0.0	
White/Pied Wagtail (<em class="sci">Motacilla alba</em>)	0.3333333333333333	0.42857142857142855	0.0	0.0	0.2	0.0	0.375	0.0	0.25	0.6666666666666666	0.18181818181818182	0.45454545454545453	0.0	0.3333333333333333	0.5	0.4444444444444444	0.5	0.0	0.6	0.7142857142857143	0.4	0.0	0.4	0.6	0.2222222222222222	0.0	0.5	0.16666666666666666	0.2	0.0	0.4	0.3333333333333333	0.3333333333333333	0.0	0.0	0.2	0.5	0.3333333333333333	0.5	0.0	0.0	0.0	0.3333333333333333	0.5	0.25	0.2	0.3333333333333333	0.14285714285714285	
Meadow Pipit (<em class="sci">Anthus pratensis</em>)	0.0	0.0	0.0015	0.0	0.2	0.0	0.0	0.0	0.0	0.3333333333333333	0.09090909090909091	0.0	0.0	0.0	0.0	0.0	0.0	0.0	0.0	0.0	0.0	0.0	0.0	0.0	0.0	0.0	0.0	0.0	0.0	0.0	0.0	0.0	0.0	0.0	0.3333333333333333	0.1	0.0	0.0	0.0	0.0	0.0	0.0015	0.3333333333333333	0.0	0.0	0.0	0.3333333333333333	0.0	
Water Pipit (<em class="sci">Anthus spinoletta</em>)	0.0	0.0	0.0	0.0015	0.2	0.0	0.0	0.0	0.0	0.0	0.09090909090909091	0.0	0.0	0.0	0.0	0.0	0.0	0.0	0.0	0.0	0.0	0.0	0.0	0.0	0.0	0.0	0.0	0.0	0.0	0.0	0.0	0.0	0.0	0.0	0.0	0.0	0.0	0.0	0.0	0.0	0.0	0.0	0.0	0.0	0.0	0.0	0.0	0.0	
Rock Pipit (<em class="sci">Anthus petrosus</em>)	0.0	0.0	0.0	0.0	0.0	0.0	0.125	0.0	0.0	0.0	0.0	0.0	0.0	0.0	0.0	0.0	0.0	0.0	0.0	0.0	0.0	0.0	0.0	0.0	0.0	0.0	0.0	0.0	0.0	0.0	0.0	0.0	0.0	0.0	0.0	0.0	0.0	0.0	0.0	0.0	0.0	0.0	0.0	0.0	0.0	0.0	0.0	0.0	
Reed Bunting (<em class="sci">Emberiza schoeniclus</em>)	0.16666666666666666	0.0	0.6666666666666666	0.0	0.4	0.3333333333333333	0.0	0.0	0.25	0.4444444444444444	0.2727272727272727	0.2727272727272727	0.2	0.2222222222222222	0.25	0.6666666666666666	0.5	0.0	0.4	0.8571428571428571	0.4	0.0	0.4	0.4	0.1111111111111111	0.0	0.25	0.16666666666666666	0.0	0.0	0.0	0.0	0.0	0.0	0.0	0.0	0.0	0.0	0.0	0.0015	0.0	0.0	0.0	0.0	0.0015	0.0	0.0	0.0	
Chaffinch (<em class="sci">Fringilla coelebs</em>)	0.8333333333333334	0.7142857142857143	1.0	0.8	0.6	0.3333333333333333	0.75	0.6666666666666666	1.0	0.7777777777777778	0.7272727272727273	0.8181818181818182	0.8	0.5555555555555556	0.625	0.7777777777777778	0.5	0.75	0.8	1.0	0.8	0.0015	0.4	1.0	0.5555555555555556	0.5	0.375	0.8333333333333334	0.4	0.2	0.6	1.0	0.6666666666666666	0.8333333333333334	0.6666666666666666	0.5	0.5	0.6666666666666666	0.75	0.3333333333333333	0.5	0.6	1.0	0.5	0.5	0.4	1.0	0.7142857142857143	
Brambling (<em class="sci">Fringilla montifringilla</em>)	0.0	0.0	0.0	0.2	0.0	0.0	0.0	0.0	0.0	0.0	0.0	0.0	0.0	0.0	0.0	0.0	0.0	0.0	0.0	0.0	0.0	0.0	0.0	0.0	0.0	0.0	0.0	0.0	0.0	0.0	0.0	0.0	0.0	0.0	0.0	0.0	0.0	0.0	0.0	0.0	0.0	0.0	0.3333333333333333	0.0	0.0	0.0	0.0	0.0	
Bullfinch (<em class="sci">Pyrrhula pyrrhula</em>)	0.0	0.0015	0.0	0.0	0.0015	0.0	0.0	0.0	0.0	0.1111111111111111	0.0	0.0	0.0	0.0	0.0	0.0	0.0	0.0	0.0	0.0	0.0	0.0	0.0	0.0	0.0	0.0	0.0	0.0	0.0	0.0	0.0	0.0	0.0	0.0	0.0	0.0	0.0	0.0	0.0	0.0	0.0	0.0	0.0	0.0	0.0	0.0	0.0	0.0	
Greenfinch (<em class="sci">Chloris chloris</em>)	0.5	0.2857142857142857	0.5	0.2	0.2	0.3333333333333333	0.375	0.3333333333333333	0.5	0.5555555555555556	0.18181818181818182	0.18181818181818182	0.0	0.0	0.5	0.8888888888888888	0.5	0.25	0.4	0.7142857142857143	0.0	0.0015	0.4	0.6	0.3333333333333333	0.0015	0.25	0.3333333333333333	0.6	0.4	0.2	0.6666666666666666	0.3333333333333333	0.5	1.0	0.4	0.75	0.3333333333333333	0.25	0.6666666666666666	0.0	0.4	0.3333333333333333	0.0	0.5	0.4	0.3333333333333333	0.42857142857142855	
Crossbill (<em class="sci">Loxia curvirostra</em>)	0.0	0.0	0.0	0.0	0.0015	0.0	0.0	0.0	0.0	0.0	0.0	0.0	0.0	0.0	0.0	0.0	0.0	0.0	0.0	0.0	0.0	0.0	0.0	0.0	0.0	0.0	0.0	0.0	0.0	0.0	0.0	0.0	0.0	0.0	0.0	0.0	0.0	0.0	0.0	0.0	0.0	0.0	0.0	0.0	0.0	0.0	0.0	0.0	
Common Redpoll (<em class="sci">Acanthis flammea</em>)	0.0	0.14285714285714285	0.0	0.0015	0.0015	0.0	0.0	0.0	0.0	0.0	0.0	0.0	0.0	0.0	0.0	0.0	0.0	0.0	0.0	0.0	0.0	0.0	0.0	0.0	0.0	0.0	0.0	0.0	0.0	0.0	0.0	0.0	0.0	0.0	0.0	0.0	0.0	0.0	0.0	0.0015	0.16666666666666666	0.0	0.0	0.0	0.0	0.0	0.0	0.0	
Lesser Redpoll (<em class="sci">Acanthis cabaret</em>)	0.0	0.2857142857142857	0.3333333333333333	0.2	0.0	0.6666666666666666	0.0	0.0	0.125	0.1111111111111111	0.09090909090909091	0.0	0.0	0.0	0.0	0.0	0.0	0.0	0.0	0.0	0.0	0.0	0.0	0.0	0.0	0.0	0.0	0.0	0.0	0.0	0.0	0.0	0.0	0.0	0.0	0.0	0.0	0.0	0.0	0.0	0.0	0.4	0.0	0.5	0.0	0.0	0.3333333333333333	0.0	
Siskin (<em class="sci">Spinus spinus</em>)	0.16666666666666666	0.14285714285714285	0.3333333333333333	0.6	0.0	0.0	0.125	0.3333333333333333	0.125	0.1111111111111111	0.09090909090909091	0.2727272727272727	0.0	0.0	0.0	0.0	0.0	0.0	0.0	0.0	0.0	0.0	0.0	0.0	0.0	0.0	0.0	0.0	0.0	0.0	0.0	0.0	0.0	0.0	0.3333333333333333	0.0	0.0	0.0	0.0	0.0	0.0	0.0	0.0	0.5	0.25	0.2	0.6666666666666666	0.2857142857142857	
Goldfinch (<em class="sci">Carduelis carduelis</em>)	0.5	0.5714285714285714	0.6666666666666666	0.6	0.4	0.3333333333333333	0.5	0.3333333333333333	0.625	0.5555555555555556	0.2727272727272727	0.6363636363636364	0.2	0.2222222222222222	0.25	0.2222222222222222	0.375	0.0	0.0	0.5714285714285714	0.0	0.0015	0.4	0.0	0.0	0.5	0.25	0.3333333333333333	0.2	0.0	0.2	0.3333333333333333	0.3333333333333333	0.3333333333333333	0.3333333333333333	0.2	0.25	0.5	0.75	0.3333333333333333	0.0	0.4	0.6666666666666666	0.5	0.75	0.6	1.0	0.5714285714285714	
Linnet (<em class="sci">Carduelis cannabina</em>)	0.0	0.0	0.0	0.0	0.0	0.0	0.0	0.0	0.0	0.0	0.0	0.0	0.0	0.1111111111111111	0.0	0.0015	0.0	0.0	0.0	0.14285714285714285	0.0	0.0	0.0	0.0	0.0	0.0	0.125	0.0	0.2	0.0	0.0	0.0	0.0	0.0015	0.0	0.1	0.0	0.0	0.0	0.0	0.0	0.0	0.0	0.0	0.0	0.0015	0.0	0.0	
finch sp. (<em class="sci">Fringillidae sp.</em>)	0.0	0.0	0.0	0.0	0.0	0.0	0.0	0.0	0.0	0.0	0.0	0.09090909090909091	0.0	0.0	0.0	0.0	0.0	0.0	0.0	0.0	0.0	0.0	0.0	0.0	0.0	0.0	0.0	0.0	0.0	0.0	0.0	0.0	0.0	0.0	0.0	0.0	0.0	0.0	0.0	0.0	0.0	0.0	0.0	0.0	0.0	0.0	0.0	0.0	
House Sparrow (<em class="sci">Passer domesticus</em>)	0.0	0.2857142857142857	0.16666666666666666	0.8	0.2	0.0	0.125	0.3333333333333333	0.125	0.3333333333333333	0.2727272727272727	0.09090909090909091	0.2	0.1111111111111111	0.0	0.3333333333333333	0.125	0.25	0.4	0.5714285714285714	0.8	0.0	0.0	0.2	0.1111111111111111	0.0	0.25	0.16666666666666666	0.2	0.0	0.0	0.3333333333333333	0.0	0.16666666666666666	0.3333333333333333	0.1	0.25	0.16666666666666666	0.25	0.3333333333333333	0.0	0.0	0.3333333333333333	0.0	0.0	0.2	0.3333333333333333	0.0	

