








Frequency of observations in the selected location(s).:
Number of taxa: 	246

	Jan				Feb				Mar				Apr				May				Jun				Jul				Aug				Sep				Oct				Nov				Dec				
Sample Size:	9.0	8.0	0.0	0.0	4.0	1.0	0.0	0.0	2.0	1.0	0.0	0.0	3.0	39.0	27.0	27.0	27.0	70.0	22.0	38.0	55.0	12.0	3.0	10.0	13.0	3.0	9.0	11.0	2.0	1.0	0.0	7.0	3.0	10.0	4.0	6.0	7.0	0.0	0.0	0.0	0.0	0.0	2.0	6.0	4.0	5.0	8.0	0.0	

Greylag Goose (<em class="sci">Anser anser</em>)	0.0	0.0	0.0	0.0	0.0	0.0	0.0	0.0	0.0	0.0	0.0	0.0	0.0	0.0	0.0	0.0	0.0	0.0	0.0	0.0	0.0	0.0	0.0	0.0	0.0	0.0	0.0	0.0	0.0	0.0	0.0	0.0	0.0	0.0	0.0	0.0	0.0	0.0	0.0	0.0	0.0	0.0	0.0	0.0	0.0	0.0	0.25	0.0	
Mute Swan (<em class="sci">Cygnus olor</em>)	0.0	0.0	0.0	0.0	0.0	0.0	0.0	0.0	0.0	0.0	0.0	0.0	0.0	0.0	0.0	0.0	0.037037037037037035	0.0	0.0	0.0	0.0	0.0	0.0	0.0	0.0	0.0	0.0	0.0	0.0	0.0	0.0	0.0	0.0	0.0	0.0	0.0	0.0	0.0	0.0	0.0	0.0	0.0	0.0	0.0	0.0	0.0	0.0	0.0	
Common Shelduck (<em class="sci">Tadorna tadorna</em>)	0.0	0.0	0.0	0.0	0.0	0.0	0.0	0.0	0.0	0.0	0.0	0.0	0.0	0.0	0.037037037037037035	0.0	0.0	0.0	0.0	0.0	0.0	0.0	0.0	0.0	0.0	0.0015	0.0	0.0	0.0	0.0	0.0	0.0	0.0	0.0	0.0	0.0	0.0	0.0	0.0	0.0	0.0	0.0	0.0	0.0	0.0	0.0	0.0	0.0	
Mandarin Duck (<em class="sci">Aix galericulata</em>)	0.0	0.0	0.0	0.0	0.0	0.0	0.0	0.0	0.0	0.0	0.0	0.0	0.0	0.0	0.0	0.0	0.0	0.0	0.0	0.0	0.0	0.0	0.0	0.0	0.0	0.0015	0.0	0.0	0.0	0.0	0.0	0.0	0.0	0.0	0.0	0.0	0.0	0.0	0.0	0.0	0.0	0.0	0.0	0.0	0.0	0.0	0.0	0.0	
Gadwall (<em class="sci">Anas strepera</em>)	0.0	0.0	0.0	0.0	0.0	0.0	0.0	0.0	0.0	0.0	0.0	0.0	0.0	0.0	0.0	0.0	0.0	0.0	0.0	0.0	0.0	0.0	0.0	0.0	0.0	0.0015	0.0	0.0	0.0	0.0	0.0	0.0	0.0	0.0	0.0	0.0	0.0	0.0	0.0	0.0	0.0	0.0	0.0	0.0	0.0	0.0	0.125	0.0	
Eurasian Wigeon (<em class="sci">Anas penelope</em>)	0.0	0.0	0.0	0.0	0.0	0.0	0.0	0.0	0.0	0.0	0.0	0.0	0.0	0.0	0.0	0.0	0.0	0.0	0.0	0.0	0.0	0.0	0.0	0.0	0.0	0.0	0.0	0.0	0.0	0.0	0.0	0.0	0.0	0.0	0.0	0.0	0.0	0.0	0.0	0.0	0.0	0.0	0.0	0.0	0.0	0.2	0.25	0.0	
Mallard (<em class="sci">Anas platyrhynchos</em>)	0.0	0.0	0.0	0.0	0.0	0.0	0.0	0.0	0.0	0.0	0.0	0.0	0.0	0.0	0.037037037037037035	0.07407407407407407	0.07407407407407407	0.014285714285714285	0.0015	0.0	0.0	0.0	0.0	0.0	0.0	0.0	0.0	0.0	0.0	0.0	0.0	0.0	0.0015	0.0	0.0	0.16666666666666666	0.0	0.0	0.0	0.0	0.0	0.0	0.0	0.0	0.0	0.2	0.625	0.0	
Northern Shoveler (<em class="sci">Anas clypeata</em>)	0.0	0.0	0.0	0.0	0.0	0.0	0.0	0.0	0.0	0.0	0.0	0.0	0.0	0.0	0.037037037037037035	0.0	0.0	0.0	0.0	0.0	0.0	0.0	0.0	0.0	0.0	0.0	0.0	0.0	0.0	0.0	0.0	0.0	0.0015	0.0	0.0	0.0	0.0	0.0	0.0	0.0	0.0	0.0	0.0	0.0	0.0015	0.2	0.125	0.0	
Northern Pintail (<em class="sci">Anas acuta</em>)	0.0	0.0	0.0	0.0	0.0	0.0	0.0	0.0	0.0	0.0	0.0	0.0	0.0	0.0	0.0	0.0	0.0	0.0	0.0	0.0	0.0	0.0	0.0	0.0	0.0	0.0	0.0	0.0	0.0	0.0	0.0	0.0	0.0	0.0	0.0	0.0	0.0	0.0	0.0	0.0	0.0	0.0	0.0	0.0	0.0	0.2	0.375	0.0	
Eurasian/American Green-winged Teal (<em class="sci">Anas crecca</em>)	0.0	0.0	0.0	0.0	0.0	0.0	0.0	0.0	0.0	0.0	0.0	0.0	0.0	0.0	0.0	0.0	0.0	0.0015	0.0	0.0	0.0	0.0	0.0	0.0	0.0	0.0015	0.0	0.0	0.0015	0.0	0.0	0.0	0.0	0.0	0.0	0.0	0.0	0.0	0.0	0.0	0.0	0.0	0.0	0.0	0.0	0.0	0.125	0.0	
Red-crested Pochard (<em class="sci">Netta rufina</em>)	0.0	0.0	0.0	0.0	0.0	0.0	0.0	0.0	0.0	0.0	0.0	0.0	0.0	0.0	0.0	0.037037037037037035	0.037037037037037035	0.014285714285714285	0.0015	0.0	0.0	0.0	0.0	0.0	0.0	0.0	0.0	0.0	0.0	0.0	0.0	0.0	0.0	0.0	0.0	0.0	0.0	0.0	0.0	0.0	0.0	0.0	0.0	0.0	0.0	0.0	0.0	0.0	
Common Pochard (<em class="sci">Aythya ferina</em>)	0.0	0.0	0.0	0.0	0.0	0.0	0.0	0.0	0.0	0.0	0.0	0.0	0.0	0.0	0.0	0.0	0.0	0.0	0.0	0.0	0.0	0.0	0.0	0.0	0.0	0.0	0.0	0.0	0.0	0.0	0.0	0.0	0.0	0.0	0.0	0.16666666666666666	0.0	0.0	0.0	0.0	0.0	0.0	0.0	0.0	0.0015	0.0	0.5	0.0	
Ferruginous Duck (<em class="sci">Aythya nyroca</em>)	0.0	0.0	0.0	0.0	0.0	0.0	0.0	0.0	0.0	0.0	0.0	0.0	0.0	0.0	0.0	0.037037037037037035	0.0	0.0	0.0	0.0	0.0	0.0	0.0	0.0	0.0	0.0	0.0	0.0	0.0	0.0	0.0	0.0	0.0	0.0	0.0	0.0	0.0	0.0	0.0	0.0	0.0	0.0	0.0	0.0	0.0	0.0	0.0	0.0	
Tufted Duck (<em class="sci">Aythya fuligula</em>)	0.0	0.0	0.0	0.0	0.0	0.0	0.0	0.0	0.0	0.0	0.0	0.0	0.0	0.0	0.0	0.0	0.0	0.0	0.0	0.0	0.0	0.0	0.0	0.0	0.0	0.0015	0.0	0.0	0.0	0.0	0.0	0.0	0.0	0.0	0.0	0.0	0.0	0.0	0.0	0.0	0.0	0.0	0.0	0.0	0.0015	0.0	0.375	0.0	
Greater Scaup (<em class="sci">Aythya marila</em>)	0.0	0.0	0.0	0.0	0.0	0.0	0.0	0.0	0.0	0.0	0.0	0.0	0.0	0.0	0.0	0.0	0.0	0.0	0.0	0.0	0.0	0.0	0.0	0.0	0.0	0.0015	0.0	0.0	0.0	0.0	0.0	0.0	0.0	0.0	0.0	0.0	0.0	0.0	0.0	0.0	0.0	0.0	0.0	0.0	0.0	0.0	0.0	0.0	
California Quail (<em class="sci">Callipepla californica</em>)	0.0	0.0	0.0	0.0	0.0	0.0	0.0	0.0	0.0	0.0	0.0	0.0	0.0	0.02564102564102564	0.0	0.0	0.0	0.0	0.0	0.0	0.0	0.0	0.0	0.0	0.0	0.0	0.1111111111111111	0.09090909090909091	0.0	0.0	0.0	0.0015	0.0	0.0	0.0	0.0	0.0	0.0	0.0	0.0	0.0	0.0	0.0	0.0	0.0	0.0	0.0	0.0	
Red-legged Partridge (<em class="sci">Alectoris rufa</em>)	0.0	0.0	0.0	0.0	0.0	0.0	0.0	0.0	0.0	0.0	0.0	0.0	0.0	0.05128205128205128	0.037037037037037035	0.07407407407407407	0.0015	0.02857142857142857	0.0	0.0	0.01818181818181818	0.0	0.0	0.0015	0.0	0.0	0.2222222222222222	0.09090909090909091	0.0	0.0015	0.0	0.0	0.0	0.1	0.5	0.0	0.0	0.0	0.0	0.0	0.0	0.0	0.0	0.0	0.0	0.0	0.0	0.0	
Grey Partridge (<em class="sci">Perdix perdix</em>)	0.0	0.0	0.0	0.0	0.0	0.0	0.0	0.0	0.0	0.0	0.0	0.0	0.0	0.0	0.0	0.0	0.0	0.0	0.0	0.02631578947368421	0.0	0.0	0.0	0.0	0.0	0.0	0.0	0.0	0.0	0.0	0.0	0.0	0.0	0.0	0.0	0.0	0.0	0.0	0.0	0.0	0.0	0.0	0.0	0.0	0.0	0.0	0.0	0.0	
Common Quail (<em class="sci">Coturnix coturnix</em>)	0.0	0.0	0.0	0.0	0.0	0.0	0.0	0.0	0.0	0.0	0.0	0.0	0.0	0.0	0.07407407407407407	0.0	0.0	0.0	0.0	0.0	0.0	0.0	0.0	0.0	0.0	0.0	0.0	0.0	0.0	0.0	0.0	0.0	0.0	0.0	0.0	0.0	0.0	0.0	0.0	0.0	0.0	0.0	0.0	0.0	0.0	0.0	0.0	0.0	
Common Pheasant (<em class="sci">Phasianus colchicus</em>)	0.0	0.0	0.0	0.0	0.0	0.0	0.0	0.0	0.0	0.0	0.0	0.0	0.0	0.0	0.037037037037037035	0.0	0.0	0.014285714285714285	0.0	0.0	0.0	0.0	0.0	0.0	0.0	0.0	0.0	0.0	0.0	0.0	0.0	0.0	0.0	0.0	0.0	0.0	0.0	0.0	0.0	0.0	0.0	0.0	0.0	0.0	0.0	0.0	0.0	0.0	
Little Grebe (<em class="sci">Tachybaptus ruficollis</em>)	0.0	0.0	0.0	0.0	0.0015	0.0015	0.0	0.0	0.0	0.0	0.0	0.0	0.0	0.0	0.0	0.0015	0.037037037037037035	0.0	0.0	0.0	0.0	0.0015	0.0	0.0	0.0	0.0	0.0	0.0	0.0	0.0	0.0	0.0	0.0015	0.2	0.0	0.16666666666666666	0.0	0.0	0.0	0.0	0.0	0.0	0.0	0.0	0.0	0.0	0.625	0.0	
Red-necked Grebe (<em class="sci">Podiceps grisegena</em>)	0.0	0.0	0.0	0.0	0.0	0.0	0.0	0.0	0.0	0.0	0.0	0.0	0.0	0.0	0.0	0.0	0.0	0.0	0.0	0.0	0.0	0.0	0.0	0.0	0.0	0.0015	0.0	0.0	0.0015	0.0	0.0	0.0	0.0	0.0	0.0	0.0	0.0	0.0	0.0	0.0	0.0	0.0	0.0	0.0	0.0	0.0	0.0	0.0	
Great Crested Grebe (<em class="sci">Podiceps cristatus</em>)	0.0	0.0	0.0	0.0	0.0015	0.0015	0.0	0.0	0.0	0.0	0.0	0.0	0.0	0.0	0.037037037037037035	0.037037037037037035	0.07407407407407407	0.0015	0.0015	0.0	0.0	0.0	0.0	0.0015	0.0	0.0	0.0	0.09090909090909091	0.0	0.0	0.0	0.0	0.3333333333333333	0.0	0.0	0.16666666666666666	0.0	0.0	0.0	0.0	0.0	0.0	0.0	0.0	0.0	0.0	0.375	0.0	
Black-necked Grebe (<em class="sci">Podiceps nigricollis</em>)	0.0	0.0	0.0	0.0	0.0015	0.0	0.0	0.0	0.0	0.0	0.0	0.0	0.0	0.0	0.0	0.0	0.0	0.0	0.0	0.0	0.0	0.0	0.0	0.0	0.0	0.0	0.0	0.0	0.0	0.0	0.0	0.0	0.0015	0.0	0.0	0.0	0.0	0.0	0.0	0.0	0.0	0.0	0.0	0.0	0.0	0.0	0.25	0.0	
Greater Flamingo (<em class="sci">Phoenicopterus roseus</em>)	0.0	0.0	0.0	0.0	0.0	0.0	0.0	0.0	0.0	0.0	0.0	0.0	0.0	0.0	0.037037037037037035	0.0	0.037037037037037035	0.0	0.0015	0.0	0.0	0.0	0.0	0.0	0.0	0.0	0.0	0.0	0.0	0.0	0.0	0.0	0.0015	0.0	0.0	0.16666666666666666	0.0	0.0	0.0	0.0	0.0	0.0	0.0	0.0	0.0	0.0	0.0	0.0	
Cory's Shearwater (<em class="sci">Calonectris diomedea</em>)	0.0	0.0	0.0	0.0	0.0	0.0	0.0	0.0	0.0	0.0	0.0	0.0	0.0	0.0	0.1111111111111111	0.0015	0.037037037037037035	0.02857142857142857	0.0	0.02631578947368421	0.0	0.0	0.0	0.0015	0.07692307692307693	0.3333333333333333	0.0015	0.09090909090909091	0.0015	0.0015	0.0	0.0015	0.0015	0.0015	0.25	0.0	0.0	0.0	0.0	0.0	0.0	0.0	0.0	0.0	0.0	0.0	0.0	0.0	
Levantine Shearwater (<em class="sci">Puffinus yelkouan</em>)	0.0	0.0	0.0	0.0	0.0	0.0	0.0	0.0	0.0	0.0	0.0	0.0	0.0	0.02564102564102564	0.07407407407407407	0.037037037037037035	0.037037037037037035	0.014285714285714285	0.045454545454545456	0.0	0.0	0.0	0.0	0.0015	0.07692307692307693	0.0	0.0015	0.0	0.0	0.0	0.0	0.0	0.0	0.0	0.0	0.0	0.0	0.0	0.0	0.0	0.0	0.0	0.0	0.0	0.0	0.0	0.0	0.0	
shearwater sp. (<em class="sci">Calonectris/Puffinus sp.</em>)	0.0	0.0	0.0	0.0	0.0	0.0	0.0	0.0	0.0	0.0	0.0	0.0	0.0	0.0	0.0	0.0	0.0	0.0	0.0	0.0	0.0	0.0	0.0015	0.0015	0.0	0.0	0.0015	0.0	0.0	0.0	0.0	0.0	0.0	0.0	0.0	0.0	0.0	0.0	0.0	0.0	0.0	0.0	0.0	0.0	0.0	0.0	0.0	0.0	
European Storm-Petrel (<em class="sci">Hydrobates pelagicus</em>)	0.0	0.0	0.0	0.0	0.0	0.0	0.0	0.0	0.0	0.0	0.0	0.0	0.0	0.0	0.0	0.0	0.0	0.0015	0.0	0.0	0.0	0.0	0.0	0.0	0.0	0.0	0.0	0.0	0.0	0.0	0.0	0.0	0.0	0.0	0.0	0.0	0.0	0.0	0.0	0.0	0.0	0.0	0.0	0.0	0.0	0.0	0.0	0.0	
Black Stork (<em class="sci">Ciconia nigra</em>)	0.0	0.0	0.0	0.0	0.0	0.0	0.0	0.0	0.0	0.0	0.0	0.0	0.0	0.0	0.0	0.037037037037037035	0.0	0.0	0.0	0.0	0.0	0.0	0.0	0.0	0.0	0.0	0.0	0.0	0.0	0.0	0.0	0.0	0.0	0.0	0.0	0.0	0.0	0.0	0.0	0.0	0.0	0.0	0.0	0.0	0.0	0.0	0.0	0.0	
White Stork (<em class="sci">Ciconia ciconia</em>)	0.0	0.0	0.0	0.0	0.0	0.0	0.0	0.0	0.0	0.0	0.0	0.0	0.0	0.0	0.0	0.0	0.0015	0.0	0.0	0.0	0.0	0.0	0.0	0.0	0.0	0.0	0.0	0.0	0.0	0.0	0.0	0.0	0.0	0.0	0.0	0.0	0.0	0.0	0.0	0.0	0.0	0.0	0.0	0.0	0.0	0.0	0.0	0.0	
Northern Gannet (<em class="sci">Morus bassanus</em>)	0.0	0.0	0.0	0.0	0.0	0.0	0.0	0.0	0.0	0.0	0.0	0.0	0.0	0.0	0.0	0.0	0.0	0.0	0.0	0.0	0.0	0.0	0.0	0.0	0.0	0.0	0.0015	0.0	0.0	0.0	0.0	0.0	0.0	0.0	0.0	0.0	0.0	0.0	0.0	0.0	0.0	0.0	0.0	0.0	0.0	0.0	0.0	0.0	
Great Cormorant (<em class="sci">Phalacrocorax carbo</em>)	0.1111111111111111	0.125	0.0	0.0	0.0015	0.0015	0.0	0.0	0.0	0.0	0.0	0.0	0.0	0.02564102564102564	0.0015	0.07407407407407407	0.0015	0.0	0.09090909090909091	0.0	0.0	0.08333333333333333	0.0	0.0015	0.07692307692307693	0.0	0.0	0.0	0.0	0.0	0.0	0.0	0.0015	0.1	0.0	0.0	0.0	0.0	0.0	0.0	0.0	0.0	0.5	0.3333333333333333	0.0	0.2	0.25	0.0	
European Shag (<em class="sci">Phalacrocorax aristotelis</em>)	0.0	0.125	0.0	0.0	0.0015	0.0	0.0	0.0	0.0	0.0	0.0	0.0	0.0	0.0	0.07407407407407407	0.1111111111111111	0.037037037037037035	0.04285714285714286	0.045454545454545456	0.05263157894736842	0.0	0.0015	0.0	0.0015	0.23076923076923078	0.0015	0.1111111111111111	0.0	0.0	0.0015	0.0	0.14285714285714285	0.0015	0.1	0.75	0.3333333333333333	0.2857142857142857	0.0	0.0	0.0	0.0	0.0	0.0	0.16666666666666666	0.0	0.0	0.0	0.0	
Little Bittern (<em class="sci">Ixobrychus minutus</em>)	0.0	0.0	0.0	0.0	0.0	0.0	0.0	0.0	0.0	0.0	0.0	0.0	0.0	0.0	0.0	0.0015	0.0015	0.0	0.0	0.02631578947368421	0.0	0.0	0.0	0.0	0.0	0.0015	0.0	0.0	0.0	0.0	0.0	0.0	0.0	0.0	0.0	0.0	0.0	0.0	0.0	0.0	0.0	0.0	0.0	0.0	0.0	0.0	0.0	0.0	
Grey Heron (<em class="sci">Ardea cinerea</em>)	0.0	0.0	0.0	0.0	0.0015	0.0015	0.0	0.0	0.0	0.0	0.0	0.0	0.0	0.0	0.037037037037037035	0.037037037037037035	0.037037037037037035	0.014285714285714285	0.045454545454545456	0.0	0.0	0.0	0.0	0.0015	0.0	0.0	0.0	0.0	0.0	0.0	0.0	0.0	0.6666666666666666	0.3	0.25	0.16666666666666666	0.0	0.0	0.0	0.0	0.0	0.0	0.0	0.0	0.0	0.2	0.375	0.0	
Purple Heron (<em class="sci">Ardea purpurea</em>)	0.0	0.0	0.0	0.0	0.0	0.0	0.0	0.0	0.0	0.0	0.0	0.0	0.0	0.0	0.0015	0.07407407407407407	0.037037037037037035	0.0	0.0	0.0	0.0	0.0	0.0	0.0	0.0	0.0	0.0	0.0	0.0	0.0	0.0	0.0	0.0	0.0	0.0	0.0	0.0	0.0	0.0	0.0	0.0	0.0	0.0	0.0	0.0	0.0	0.0	0.0	
Great Egret (<em class="sci">Ardea alba</em>)	0.0	0.0	0.0	0.0	0.0015	0.0015	0.0	0.0	0.0	0.0	0.0	0.0	0.0	0.0	0.037037037037037035	0.0	0.037037037037037035	0.0	0.0	0.0	0.0	0.0	0.0	0.0	0.0	0.0	0.0	0.0	0.0	0.0	0.0	0.0	0.0	0.1	0.0	0.0	0.0	0.0	0.0	0.0	0.0	0.0	0.0	0.0	0.0	0.0	0.0	0.0	
Little Egret (<em class="sci">Egretta garzetta</em>)	0.0	0.0	0.0	0.0	0.0015	0.0015	0.0	0.0	0.0	0.0	0.0	0.0	0.0	0.0	0.037037037037037035	0.07407407407407407	0.07407407407407407	0.014285714285714285	0.045454545454545456	0.02631578947368421	0.0	0.0	0.0	0.1	0.07692307692307693	0.0	0.0	0.09090909090909091	0.0	0.0	0.0	0.14285714285714285	0.6666666666666666	0.3	0.25	0.0	0.14285714285714285	0.0	0.0	0.0	0.0	0.0	0.0	0.0	0.0	0.2	0.125	0.0	
Cattle Egret (<em class="sci">Bubulcus ibis</em>)	0.0	0.0	0.0	0.0	0.0	0.0015	0.0	0.0	0.0	0.0	0.0	0.0	0.0	0.0	0.037037037037037035	0.0015	0.0	0.0	0.0	0.0	0.0	0.0	0.0	0.0	0.0	0.0	0.0	0.0	0.0	0.0	0.0	0.0	0.0	0.0	0.0	0.16666666666666666	0.0	0.0	0.0	0.0	0.0	0.0	0.0	0.0	0.0	0.0	0.0	0.0	
Squacco Heron (<em class="sci">Ardeola ralloides</em>)	0.0	0.0	0.0	0.0	0.0	0.0	0.0	0.0	0.0	0.0	0.0	0.0	0.0	0.0	0.0015	0.037037037037037035	0.0015	0.0	0.0	0.0	0.0	0.0	0.0	0.0	0.0	0.0	0.0	0.0	0.0	0.0	0.0	0.0	0.0	0.0	0.0	0.0	0.0	0.0	0.0	0.0	0.0	0.0	0.0	0.0	0.0	0.0	0.0	0.0	
Black-crowned Night-Heron (<em class="sci">Nycticorax nycticorax</em>)	0.0	0.0	0.0	0.0	0.0	0.0	0.0	0.0	0.0	0.0	0.0	0.0	0.0	0.02564102564102564	0.037037037037037035	0.0015	0.0015	0.0	0.0	0.0	0.0	0.0	0.0	0.0	0.0	0.0	0.0	0.0	0.0	0.0	0.0	0.0015	0.0	0.0	0.0	0.0	0.0	0.0	0.0	0.0	0.0	0.0	0.0	0.0	0.0	0.0	0.0	0.0	
Eurasian Spoonbill (<em class="sci">Platalea leucorodia</em>)	0.0	0.0	0.0	0.0	0.0	0.0	0.0	0.0	0.0	0.0	0.0	0.0	0.0	0.0	0.0	0.0	0.0	0.0	0.0	0.0	0.0	0.0	0.0	0.0	0.0	0.0015	0.0	0.0	0.0	0.0	0.0	0.0	0.0	0.0	0.0	0.0	0.0	0.0	0.0	0.0	0.0	0.0	0.0	0.0	0.0	0.0	0.0	0.0	
Osprey (<em class="sci">Pandion haliaetus</em>)	0.0	0.0	0.0	0.0	0.0	0.0	0.0	0.0	0.0	0.0	0.0	0.0	0.0	0.0015	0.0	0.1111111111111111	0.0	0.0	0.0	0.0	0.0	0.08333333333333333	0.0	0.0	0.0015	0.0	0.1111111111111111	0.0	0.0	0.0	0.0	0.0	0.3333333333333333	0.0	0.0	0.0	0.0	0.0	0.0	0.0	0.0	0.0	0.0	0.0	0.0	0.0	0.125	0.0	
Black-winged Kite (<em class="sci">Elanus caeruleus</em>)	0.0	0.0	0.0	0.0	0.0	0.0	0.0	0.0	0.0	0.0	0.0	0.0	0.0	0.0	0.0	0.0	0.0	0.0	0.045454545454545456	0.0	0.0	0.0	0.0	0.0	0.0	0.0015	0.0	0.0	0.0	0.0	0.0	0.0	0.0	0.0	0.0	0.0	0.0	0.0	0.0	0.0	0.0	0.0	0.0	0.0	0.0	0.0	0.0	0.0	
Lammergeier (<em class="sci">Gypaetus barbatus</em>)	0.0	0.0	0.0	0.0	0.0	0.0	0.0	0.0	0.0	0.0	0.0	0.0	0.0015	0.0	0.14814814814814814	0.037037037037037035	0.0	0.0	0.0	0.0	0.0	0.0	0.0	0.0	0.0	0.0	0.0	0.0	0.0	1.0	0.0	0.0	0.0	0.1	0.0	0.0	0.0	0.0	0.0	0.0	0.0	0.0	0.0	0.0	0.25	0.0	0.0	0.0	
Egyptian Vulture (<em class="sci">Neophron percnopterus</em>)	0.0	0.0	0.0	0.0	0.0	0.0	0.0	0.0	0.0	0.0	0.0	0.0	0.0	0.0	0.0	0.0	0.0	0.0	0.0	0.0	0.0	0.0	0.0	0.0	0.0	0.0015	0.0	0.0	0.0	0.0	0.0	0.0	0.0	0.0	0.0	0.0	0.0	0.0	0.0	0.0	0.0	0.0	0.0	0.0	0.0	0.0	0.0	0.0	
European Honey-buzzard (<em class="sci">Pernis apivorus</em>)	0.0	0.0	0.0	0.0	0.0	0.0	0.0	0.0	0.0	0.0	0.0	0.0	0.0	0.0	0.037037037037037035	0.037037037037037035	0.0	0.0015	0.0	0.0	0.0	0.0	0.0	0.0	0.07692307692307693	0.0	0.0	0.0	0.0	0.0	0.0	0.0	0.0	0.0	0.0	0.0	0.0	0.0	0.0	0.0	0.0	0.0	0.0	0.0	0.0	0.0	0.0	0.0	
Griffon Vulture (<em class="sci">Gyps fulvus</em>)	0.0	0.0	0.0	0.0	0.0	0.0	0.0	0.0	0.0	0.0	0.0	0.0	0.0	0.0	0.0	0.0	0.0	0.0	0.0	0.0	0.0	0.08333333333333333	0.0	0.0	0.0	0.0015	0.0	0.0	0.0	0.0	0.0	0.0	0.0	0.0	0.0	0.0	0.0	0.0	0.0	0.0	0.0	0.0	0.0	0.0	0.0	0.0	0.0	0.0	
Short-toed Eagle (<em class="sci">Circaetus gallicus</em>)	0.0	0.0	0.0	0.0	0.0	0.0	0.0	0.0	0.0	0.0	0.0	0.0	0.0	0.0	0.037037037037037035	0.0	0.0	0.0	0.0	0.0	0.0	0.0	0.0	0.0	0.0	0.0015	0.0	0.0	0.0	0.0	0.0	0.0	0.0	0.0	0.0	0.0	0.0	0.0	0.0	0.0	0.0	0.0	0.0	0.0	0.0	0.0	0.0	0.0	
Booted Eagle (<em class="sci">Hieraaetus pennatus</em>)	0.0	0.0	0.0	0.0	0.0	0.0	0.0	0.0	0.0	0.0	0.0	0.0	0.0	0.0	0.0	0.037037037037037035	0.0	0.0	0.0	0.0	0.0	0.0	0.0	0.0	0.0	0.0	0.0	0.0	0.0	0.0	0.0	0.0	0.0	0.0	0.0	0.0	0.0	0.0	0.0	0.0	0.0	0.0	0.0	0.0	0.0	0.0	0.0	0.0	
Golden Eagle (<em class="sci">Aquila chrysaetos</em>)	0.1111111111111111	0.0	0.0	0.0	0.0	0.0	0.0	0.0	0.0	0.0	0.0	0.0	0.0	0.02564102564102564	0.037037037037037035	0.14814814814814814	0.0	0.014285714285714285	0.0	0.0	0.0	0.0	0.0	0.0	0.07692307692307693	0.0	0.0	0.0015	0.0	0.0015	0.0	0.0015	0.0	0.1	0.0	0.0	0.0	0.0	0.0	0.0	0.0	0.0	0.0	0.0	0.25	0.0015	0.0	0.0	
Eurasian Marsh-Harrier (<em class="sci">Circus aeruginosus</em>)	0.0	0.0	0.0	0.0	0.0	0.0	0.0	0.0	0.0	0.0	0.0	0.0	0.0	0.0	0.0	0.1111111111111111	0.037037037037037035	0.014285714285714285	0.0	0.0	0.0	0.0	0.0	0.0	0.0	0.0015	0.0	0.0	0.0	0.0	0.0	0.0	0.0015	0.1	0.0	0.16666666666666666	0.0	0.0	0.0	0.0	0.0	0.0	0.0	0.16666666666666666	0.0	0.4	0.375	0.0	
Pallid Harrier (<em class="sci">Circus macrourus</em>)	0.0	0.0	0.0	0.0	0.0	0.0	0.0	0.0	0.0	0.0	0.0	0.0	0.0	0.0	0.0	0.0	0.0	0.014285714285714285	0.0	0.0	0.0	0.0	0.0	0.0	0.0	0.0	0.0	0.0	0.0	0.0	0.0	0.0	0.0	0.0	0.0	0.0	0.0	0.0	0.0	0.0	0.0	0.0	0.0	0.0	0.0	0.0	0.0	0.0	
Montagu's Harrier (<em class="sci">Circus pygargus</em>)	0.0	0.0	0.0	0.0	0.0	0.0	0.0	0.0	0.0	0.0	0.0	0.0	0.0	0.0	0.0015	0.0015	0.0015	0.0015	0.0	0.0	0.0	0.0	0.0	0.0	0.0	0.0	0.0	0.0	0.0	0.0	0.0	0.0	0.0	0.0	0.0	0.0	0.0	0.0	0.0	0.0	0.0	0.0	0.0	0.0	0.0	0.0	0.0	0.0	
harrier sp. (<em class="sci">Circus sp.</em>)	0.0	0.0	0.0	0.0	0.0	0.0	0.0	0.0	0.0	0.0	0.0	0.0	0.0	0.0	0.0	0.0	0.0	0.0	0.0	0.0	0.0	0.0	0.0	0.0	0.0	0.0015	0.0	0.0	0.0	0.0	0.0	0.0	0.0	0.0	0.0	0.0	0.0	0.0	0.0	0.0	0.0	0.0	0.0	0.0	0.0	0.0	0.0	0.0	
Eurasian Sparrowhawk (<em class="sci">Accipiter nisus</em>)	0.0	0.0	0.0	0.0	0.0	0.0	0.0	0.0	0.0	0.0	0.0	0.0	0.0	0.02564102564102564	0.25925925925925924	0.1111111111111111	0.0015	0.014285714285714285	0.045454545454545456	0.0	0.0	0.08333333333333333	0.0	0.0	0.0	0.3333333333333333	0.1111111111111111	0.0	0.5	0.0	0.0	0.14285714285714285	0.0	0.0	0.0	0.16666666666666666	0.0	0.0	0.0	0.0	0.0	0.0	0.0	0.0	0.25	0.0	0.125	0.0	
Northern Goshawk (<em class="sci">Accipiter gentilis</em>)	0.0	0.0	0.0	0.0	0.0	0.0	0.0	0.0	0.0	0.0	0.0	0.0	0.0	0.02564102564102564	0.0	0.0015	0.0	0.014285714285714285	0.0	0.0	0.0	0.0	0.0	0.0	0.0	0.0	0.0	0.0	0.0	0.0	0.0	0.0	0.0	0.0	0.0	0.0	0.0	0.0	0.0	0.0	0.0	0.0	0.0	0.0	0.0	0.0	0.0	0.0	
Red Kite (<em class="sci">Milvus milvus</em>)	0.1111111111111111	0.0015	0.0	0.0	0.0015	0.0015	0.0	0.0	0.0	0.0	0.0	0.0	0.3333333333333333	0.10256410256410256	0.18518518518518517	0.48148148148148145	0.25925925925925924	0.08571428571428572	0.09090909090909091	0.10526315789473684	0.05454545454545454	0.25	0.3333333333333333	0.1	0.15384615384615385	0.3333333333333333	0.0	0.18181818181818182	1.0	1.0	0.0	0.2857142857142857	0.3333333333333333	0.1	0.5	0.16666666666666666	0.2857142857142857	0.0	0.0	0.0	0.0	0.0	1.0	0.8333333333333334	0.25	0.0	0.25	0.0	
Black Kite (<em class="sci">Milvus migrans</em>)	0.0	0.0	0.0	0.0	0.0	0.0	0.0	0.0	0.0	0.0	0.0	0.0	0.3333333333333333	0.02564102564102564	0.0	0.0	0.0	0.014285714285714285	0.045454545454545456	0.0	0.0	0.0	0.0	0.0	0.0	0.0015	0.0	0.0	0.0	1.0	0.0	0.0	0.0	0.0	0.0	0.0	0.0	0.0	0.0	0.0	0.0	0.0	0.0	0.0	0.0	0.0	0.0	0.0	
Common Buzzard (<em class="sci">Buteo buteo</em>)	0.0	0.25	0.0	0.0	0.25	0.0015	0.0	0.0	0.0	0.0	0.0	0.0	0.3333333333333333	0.2564102564102564	0.1111111111111111	0.3333333333333333	0.14814814814814814	0.24285714285714285	0.13636363636363635	0.10526315789473684	0.07272727272727272	0.0	0.0	0.1	0.07692307692307693	0.3333333333333333	0.2222222222222222	0.18181818181818182	0.5	1.0	0.0	0.2857142857142857	0.6666666666666666	0.2	0.25	0.0015	0.0	0.0	0.0	0.0	0.0	0.0	0.0	0.16666666666666666	0.25	0.2	0.25	0.0	
Buteo sp. (<em class="sci">Buteo sp.</em>)	0.0	0.0	0.0	0.0	0.0015	0.0	0.0	0.0	0.0	0.0	0.0	0.0	0.0	0.0	0.0	0.0	0.0	0.0	0.0	0.0	0.0	0.0	0.0	0.0	0.0	0.0	0.0	0.0	0.0	0.0	0.0	0.0	0.0	0.0	0.0	0.0	0.0	0.0	0.0	0.0	0.0	0.0	0.0	0.0	0.0	0.0	0.0	0.0	
Little Bustard (<em class="sci">Tetrax tetrax</em>)	0.0	0.0	0.0	0.0	0.0	0.0	0.0	0.0	0.0	0.0	0.0	0.0	0.0	0.0	0.0	0.0	0.0	0.0015	0.0	0.0	0.0	0.0	0.0	0.0	0.0	0.0015	0.0	0.0	0.0	0.0	0.0	0.0	0.0	0.0	0.0	0.0	0.0	0.0	0.0	0.0	0.0	0.0	0.0	0.0	0.0	0.0	0.0	0.0	
Water Rail (<em class="sci">Rallus aquaticus</em>)	0.0	0.0	0.0	0.0	0.0	0.0	0.0	0.0	0.0	0.0	0.0	0.0	0.0	0.02564102564102564	0.0015	0.0	0.0	0.0	0.0	0.0	0.0	0.0	0.0	0.0	0.0	0.0	0.0	0.0	0.0	0.0	0.0	0.0	0.0	0.0	0.0	0.0	0.0	0.0	0.0	0.0	0.0	0.0	0.0	0.0	0.0	0.4	0.625	0.0	
Little Crake (<em class="sci">Porzana parva</em>)	0.0	0.0	0.0	0.0	0.0	0.0	0.0	0.0	0.0	0.0	0.0	0.0	0.0	0.0	0.0	0.0	0.0015	0.0	0.0	0.0	0.0	0.0	0.0	0.0	0.0	0.0	0.0	0.0	0.0	0.0	0.0	0.0	0.0	0.0	0.0	0.0	0.0	0.0	0.0	0.0	0.0	0.0	0.0	0.0	0.0	0.0	0.0	0.0	
Common Moorhen (<em class="sci">Gallinula chloropus</em>)	0.0	0.0	0.0	0.0	0.0	0.0	0.0	0.0	0.0	0.0	0.0	0.0	0.0	0.02564102564102564	0.037037037037037035	0.14814814814814814	0.07407407407407407	0.0015	0.0	0.0	0.0	0.0015	0.0	0.0	0.0	0.0	0.0	0.0	0.0	0.0015	0.0	0.0	0.3333333333333333	0.2	0.0	0.16666666666666666	0.0	0.0	0.0	0.0	0.0	0.0	0.0	0.0	0.0	0.4	0.625	0.0	
Eurasian Coot (<em class="sci">Fulica atra</em>)	0.0	0.0	0.0	0.0	0.0015	0.0015	0.0	0.0	0.0	0.0	0.0	0.0	0.0	0.0	0.07407407407407407	0.14814814814814814	0.1111111111111111	0.014285714285714285	0.0015	0.0	0.0	0.0015	0.0	0.1	0.15384615384615385	0.3333333333333333	0.0	0.0	0.0	0.0	0.0	0.0	0.3333333333333333	0.3	0.0	0.16666666666666666	0.0	0.0	0.0	0.0	0.0	0.0	0.0	0.0	0.0	0.4	0.625	0.0	
Common Crane (<em class="sci">Grus grus</em>)	0.0	0.0	0.0	0.0	0.0	0.0	0.0	0.0	0.0	0.0	0.0	0.0	0.0	0.0	0.0	0.0	0.0	0.0	0.0	0.0	0.0	0.0	0.0	0.0	0.0	0.0015	0.0	0.0	0.0	0.0	0.0	0.0	0.0	0.0	0.0	0.0	0.0	0.0	0.0	0.0	0.0	0.0	0.0	0.0	0.0	0.0	0.0	0.0	
Stone Curlew (<em class="sci">Burhinus oedicnemus</em>)	0.0	0.0	0.0	0.0	0.0	0.0	0.0	0.0	0.0	0.0	0.0	0.0	0.0	0.0	0.0	0.0	0.0	0.014285714285714285	0.0	0.0	0.0	0.0	0.0	0.0	0.0	0.0	0.0	0.0	0.0	0.0	0.0	0.0	0.0	0.0	0.0	0.0	0.0	0.0	0.0	0.0	0.0	0.0	0.0	0.0	0.0	0.0	0.0	0.0	
Black-winged Stilt (<em class="sci">Himantopus himantopus</em>)	0.0	0.0	0.0	0.0	0.0	0.0	0.0	0.0	0.0	0.0	0.0	0.0	0.0	0.0	0.0	0.037037037037037035	0.0015	0.014285714285714285	0.0	0.0	0.0	0.0	0.0	0.0	0.0	0.0015	0.0	0.0	0.0	0.0	0.0	0.0	0.0	0.0	0.0	0.0	0.0	0.0	0.0	0.0	0.0	0.0	0.0	0.0	0.0	0.0	0.0	0.0	
Pied Avocet (<em class="sci">Recurvirostra avosetta</em>)	0.0	0.0	0.0	0.0	0.0	0.0	0.0	0.0	0.0	0.0	0.0	0.0	0.0	0.0	0.037037037037037035	0.0	0.0	0.0	0.0	0.0	0.0	0.0	0.0	0.0	0.0	0.0015	0.0	0.0	0.0	0.0	0.0	0.0	0.0015	0.0	0.0	0.0	0.0	0.0	0.0	0.0	0.0	0.0	0.0	0.0	0.0	0.0	0.0	0.0	
Eurasian Oystercatcher (<em class="sci">Haematopus ostralegus</em>)	0.0	0.0	0.0	0.0	0.0	0.0	0.0	0.0	0.0	0.0	0.0	0.0	0.0	0.0	0.0	0.0	0.0015	0.0	0.0	0.0	0.0	0.0015	0.0	0.0	0.0	0.0	0.0	0.0	0.0	0.0	0.0	0.0	0.0	0.0	0.0	0.0	0.0	0.0	0.0	0.0	0.0	0.0	0.0	0.0	0.0	0.0	0.0	0.0	
European Golden-Plover (<em class="sci">Pluvialis apricaria</em>)	0.0	0.0	0.0	0.0	0.0	0.0	0.0	0.0	0.0	0.0	0.0	0.0	0.0	0.0	0.0	0.0	0.0	0.0	0.0	0.0	0.0	0.0	0.0	0.0	0.0	0.0	0.0	0.0	0.0	0.0	0.0	0.0	0.0	0.0	0.0	0.0	0.0	0.0	0.0	0.0	0.0	0.0	0.0	0.0	0.0	0.2	0.125	0.0	
Northern Lapwing (<em class="sci">Vanellus vanellus</em>)	0.0	0.0	0.0	0.0	0.0015	0.0	0.0	0.0	0.0	0.0	0.0	0.0	0.0	0.0	0.0	0.0	0.0	0.0	0.0	0.0	0.0	0.0	0.0	0.0	0.0	0.0	0.0	0.0	0.0	0.0	0.0	0.0	0.0	0.0	0.0	0.0	0.0	0.0	0.0	0.0	0.0	0.0	0.0	0.0	0.0	0.2	0.5	0.0	
Common Ringed Plover (<em class="sci">Charadrius hiaticula</em>)	0.0	0.0	0.0	0.0	0.0	0.0	0.0	0.0	0.0	0.0	0.0	0.0	0.0	0.0	0.0	0.037037037037037035	0.0015	0.0	0.0015	0.02631578947368421	0.0	0.0	0.0	0.0	0.0	0.0	0.0	0.0	0.0	0.0	0.0	0.0	0.0	0.0	0.0	0.0	0.0	0.0	0.0	0.0	0.0	0.0	0.0	0.0	0.0	0.0	0.0	0.0	
Little Ringed Plover (<em class="sci">Charadrius dubius</em>)	0.0	0.0	0.0	0.0	0.0	0.0	0.0	0.0	0.0	0.0	0.0	0.0	0.0	0.0	0.07407407407407407	0.037037037037037035	0.0	0.0	0.0	0.0	0.0	0.0	0.0	0.0	0.07692307692307693	0.0	0.0	0.0	0.0	0.0	0.0	0.0	0.0	0.0	0.0	0.0	0.0	0.0	0.0	0.0	0.0	0.0	0.0	0.0	0.0	0.0	0.0	0.0	
Common Sandpiper (<em class="sci">Actitis hypoleucos</em>)	0.0	0.0	0.0	0.0	0.0	0.0	0.0	0.0	0.0	0.0	0.0	0.0	0.0	0.02564102564102564	0.0	0.14814814814814814	0.037037037037037035	0.0015	0.0	0.0	0.0	0.0	0.0	0.0	0.0	0.0	0.0	0.0	0.0	0.0	0.0	0.0	0.0	0.1	0.0	0.16666666666666666	0.14285714285714285	0.0	0.0	0.0	0.0	0.0	0.0	0.0	0.0	0.0	0.0	0.0	
Green Sandpiper (<em class="sci">Tringa ochropus</em>)	0.0	0.0	0.0	0.0	0.0	0.0	0.0	0.0	0.0	0.0	0.0	0.0	0.0	0.0	0.0	0.0015	0.0	0.0	0.0	0.0	0.0	0.0	0.0	0.0	0.0	0.0	0.0	0.0	0.0	0.0	0.0	0.0	0.0	0.0	0.0	0.0	0.0	0.0	0.0	0.0	0.0	0.0	0.0	0.0	0.0	0.0	0.0	0.0	
Spotted Redshank (<em class="sci">Tringa erythropus</em>)	0.0	0.0	0.0	0.0	0.0	0.0	0.0	0.0	0.0	0.0	0.0	0.0	0.0	0.0	0.0	0.0015	0.0	0.0	0.0	0.0	0.0	0.0	0.0	0.0	0.0	0.0	0.0	0.0	0.0	0.0	0.0	0.0	0.0	0.0	0.0	0.0	0.0	0.0	0.0	0.0	0.0	0.0	0.0	0.0	0.0	0.0	0.0	0.0	
Common Greenshank (<em class="sci">Tringa nebularia</em>)	0.0	0.0	0.0	0.0	0.0	0.0	0.0	0.0	0.0	0.0	0.0	0.0	0.0	0.0	0.0	0.0015	0.0015	0.0	0.0	0.0	0.0	0.0	0.0	0.0	0.0	0.0	0.0	0.0	0.0	0.0	0.0	0.0	0.0	0.0	0.0	0.0	0.0	0.0	0.0	0.0	0.0	0.0	0.0	0.0	0.0	0.0	0.0	0.0	
Wood Sandpiper (<em class="sci">Tringa glareola</em>)	0.0	0.0	0.0	0.0	0.0	0.0	0.0	0.0	0.0	0.0	0.0	0.0	0.0	0.0	0.0015	0.037037037037037035	0.0015	0.0	0.0	0.0	0.0	0.0	0.0	0.0	0.0	0.0	0.0	0.0	0.0	0.0	0.0	0.0	0.0	0.0	0.0	0.0	0.0	0.0	0.0	0.0	0.0	0.0	0.0	0.0	0.0	0.0	0.0	0.0	
Common Redshank (<em class="sci">Tringa totanus</em>)	0.0	0.0	0.0	0.0	0.0	0.0	0.0	0.0	0.0	0.0	0.0	0.0	0.0	0.0	0.0	0.037037037037037035	0.0015	0.0	0.0	0.02631578947368421	0.0	0.0	0.0	0.0	0.0	0.0	0.0	0.0	0.0	0.0	0.0	0.0	0.0	0.0	0.0	0.0	0.0	0.0	0.0	0.0	0.0	0.0	0.0	0.0	0.0	0.0	0.0	0.0	
Whimbrel (<em class="sci">Numenius phaeopus</em>)	0.0	0.0	0.0	0.0	0.0	0.0	0.0	0.0	0.0	0.0	0.0	0.0	0.0	0.0	0.037037037037037035	0.0015	0.0015	0.0	0.0	0.0	0.0	0.0	0.0	0.0	0.0	0.0	0.0	0.0	0.0	0.0	0.0	0.0	0.0	0.0	0.0	0.0	0.0	0.0	0.0	0.0	0.0	0.0	0.0	0.0	0.0	0.0	0.0	0.0	
Eurasian Curlew (<em class="sci">Numenius arquata</em>)	0.0	0.0	0.0	0.0	0.0	0.0	0.0	0.0	0.0	0.0	0.0	0.0	0.0	0.0	0.0	0.0015	0.0	0.0	0.0	0.0	0.0	0.0	0.0	0.0	0.0	0.0	0.0	0.0	0.0	0.0	0.0	0.0	0.0	0.0	0.0	0.0	0.0	0.0	0.0	0.0	0.0	0.0	0.0	0.0	0.0	0.0	0.0	0.0	
Bar-tailed Godwit (<em class="sci">Limosa lapponica</em>)	0.0	0.0	0.0	0.0	0.0	0.0	0.0	0.0	0.0	0.0	0.0	0.0	0.0	0.0	0.037037037037037035	0.0	0.0	0.0	0.0	0.0	0.0	0.0	0.0	0.0	0.0	0.0	0.0	0.0	0.0	0.0	0.0	0.0	0.0	0.0	0.0	0.0	0.0	0.0	0.0	0.0	0.0	0.0	0.0	0.0	0.0	0.0	0.0	0.0	
Ruff (<em class="sci">Calidris pugnax</em>)	0.0	0.0	0.0	0.0	0.0	0.0	0.0	0.0	0.0	0.0	0.0	0.0	0.0	0.0	0.037037037037037035	0.037037037037037035	0.0	0.0	0.0	0.0	0.0	0.0	0.0	0.0	0.0	0.0	0.0	0.0	0.0	0.0	0.0	0.0	0.0	0.0	0.0	0.0	0.0	0.0	0.0	0.0	0.0	0.0	0.0	0.0	0.0	0.0	0.0	0.0	
Curlew Sandpiper (<em class="sci">Calidris ferruginea</em>)	0.0	0.0	0.0	0.0	0.0	0.0	0.0	0.0	0.0	0.0	0.0	0.0	0.0	0.0	0.0	0.037037037037037035	0.0015	0.0	0.0015	0.0	0.0	0.0	0.0	0.0	0.0	0.0	0.0	0.0	0.0	0.0	0.0	0.0	0.0	0.0	0.0	0.0	0.0	0.0	0.0	0.0	0.0	0.0	0.0	0.0	0.0	0.0	0.0	0.0	
Temminck's Stint (<em class="sci">Calidris temminckii</em>)	0.0	0.0	0.0	0.0	0.0	0.0	0.0	0.0	0.0	0.0	0.0	0.0	0.0	0.0	0.0	0.037037037037037035	0.0015	0.0	0.0	0.0	0.0	0.0	0.0	0.0	0.0	0.0	0.0	0.0	0.0	0.0	0.0	0.0	0.0	0.0	0.0	0.0	0.0	0.0	0.0	0.0	0.0	0.0	0.0	0.0	0.0	0.0	0.0	0.0	
Sanderling (<em class="sci">Calidris alba</em>)	0.0	0.0	0.0	0.0	0.0	0.0	0.0	0.0	0.0	0.0	0.0	0.0	0.0	0.0	0.037037037037037035	0.037037037037037035	0.0	0.0	0.0	0.0	0.0	0.0	0.0	0.0	0.0	0.0	0.0	0.0	0.0	0.0	0.0	0.0	0.0	0.0	0.0	0.0	0.0	0.0	0.0	0.0	0.0	0.0	0.0	0.0	0.0	0.0	0.0	0.0	
Little Stint (<em class="sci">Calidris minuta</em>)	0.0	0.0	0.0	0.0	0.0	0.0	0.0	0.0	0.0	0.0	0.0	0.0	0.0	0.0	0.0015	0.0015	0.0015	0.0	0.0015	0.0	0.0	0.0	0.0	0.0	0.0	0.0	0.0	0.0	0.0	0.0015	0.0	0.0	0.0	0.0	0.0	0.0	0.0	0.0	0.0	0.0	0.0	0.0	0.0	0.0	0.0	0.0	0.0	0.0	
Great Snipe (<em class="sci">Gallinago media</em>)	0.0	0.0	0.0	0.0	0.0	0.0	0.0	0.0	0.0	0.0	0.0	0.0	0.0	0.0	0.0	0.0	0.0015	0.0	0.0	0.0	0.0	0.0	0.0	0.0	0.0	0.0	0.0	0.0	0.0	0.0	0.0	0.0	0.0	0.1	0.0	0.0	0.0	0.0	0.0	0.0	0.0	0.0	0.0	0.0	0.0	0.0	0.0	0.0	
Common Snipe (<em class="sci">Gallinago gallinago</em>)	0.0	0.0	0.0	0.0	0.0	0.0015	0.0	0.0	0.0	0.0	0.0	0.0	0.0	0.0	0.0	0.0	0.0	0.0	0.0	0.0	0.0	0.0	0.0	0.0	0.0	0.0	0.0	0.0	0.0	0.0015	0.0	0.0	0.0	0.0	0.0	0.0	0.0	0.0	0.0	0.0	0.0	0.0	0.0	0.0	0.0	0.4	0.5	0.0	
Eurasian Woodcock (<em class="sci">Scolopax rusticola</em>)	0.0	0.0	0.0	0.0	0.0	0.0	0.0	0.0	0.0	0.0	0.0	0.0	0.0	0.0	0.0	0.0	0.0	0.0	0.0	0.0	0.0	0.0	0.0	0.0	0.0	0.0	0.0	0.0	0.0	0.0	0.0	0.0	0.0	0.0	0.0	0.0	0.0	0.0	0.0	0.0	0.0	0.0	0.0	0.0	0.0	0.0015	0.0	0.0	
Pomarine Skua (<em class="sci">Stercorarius pomarinus</em>)	0.0	0.0	0.0	0.0	0.0	0.0	0.0	0.0	0.0	0.0	0.0	0.0	0.0	0.0	0.0	0.0015	0.0	0.0	0.0	0.0	0.0	0.0	0.0	0.0	0.0	0.0	0.0	0.0	0.0	0.0	0.0	0.0	0.0	0.0	0.0	0.0	0.0	0.0	0.0	0.0	0.0	0.0	0.0	0.0	0.0	0.0	0.0	0.0	
Arctic Skua (<em class="sci">Stercorarius parasiticus</em>)	0.0	0.0	0.0	0.0	0.0	0.0	0.0	0.0	0.0	0.0	0.0	0.0	0.0	0.0	0.0	0.0015	0.0	0.0	0.0	0.0	0.0	0.0	0.0	0.0	0.0	0.0	0.0	0.0	0.0	0.0	0.0	0.0	0.0	0.0	0.0	0.0	0.0	0.0	0.0	0.0	0.0	0.0	0.0	0.0	0.0	0.0	0.0	0.0	
Skua sp. (<em class="sci">Stercorarius sp. (jaeger sp.)</em>)	0.0	0.0	0.0	0.0	0.0	0.0	0.0	0.0	0.0	0.0	0.0	0.0	0.0	0.0	0.0	0.0	0.037037037037037035	0.0	0.0	0.0	0.0	0.0	0.0	0.0	0.0	0.0	0.0	0.0	0.0	0.0	0.0	0.0	0.0	0.0	0.0	0.0	0.0	0.0	0.0	0.0	0.0	0.0	0.0	0.0	0.0	0.0	0.0	0.0	
Slender-billed Gull (<em class="sci">Chroicocephalus genei</em>)	0.0	0.0	0.0	0.0	0.0	0.0	0.0	0.0	0.0	0.0	0.0	0.0	0.0	0.0	0.0015	0.0	0.0	0.0	0.0	0.0	0.0	0.0	0.0	0.0	0.0	0.0	0.0015	0.0	0.0	0.0	0.0	0.0	0.0	0.0	0.0	0.0	0.0	0.0	0.0	0.0	0.0	0.0	0.0	0.0	0.0	0.0	0.0	0.0	
Black-headed Gull (<em class="sci">Chroicocephalus ridibundus</em>)	0.0	0.125	0.0	0.0	0.0015	0.0015	0.0	0.0	0.0	0.0	0.0	0.0	0.0	0.0	0.0	0.0	0.037037037037037035	0.0	0.045454545454545456	0.0	0.0	0.0	0.0	0.0	0.0	0.0015	0.0	0.0	0.0	0.0	0.0	0.0015	0.6666666666666666	0.0015	0.0	0.0	0.14285714285714285	0.0	0.0	0.0	0.0	0.0	0.0	0.0	0.0	0.4	0.75	0.0	
Mediterranean Gull (<em class="sci">Ichthyaetus melanocephalus</em>)	0.0	0.0	0.0	0.0	0.0	0.0	0.0	0.0	0.0	1.0	0.0	0.0	0.0	0.0	0.0015	0.037037037037037035	0.0	0.0	0.0	0.0	0.0	0.0	0.0	0.0	0.0	0.0015	0.0	0.0	0.0	0.0	0.0	0.0	0.0	0.0015	0.0	0.0	0.0	0.0	0.0	0.0	0.0	0.0	0.0	0.0	0.0	0.0	0.0	0.0	
Audouin's Gull (<em class="sci">Ichthyaetus audouinii</em>)	0.0	0.0	0.0	0.0	0.0015	0.0	0.0	0.0	0.0	0.0	0.0	0.0	0.0	0.0	0.0015	0.07407407407407407	0.037037037037037035	0.0015	0.045454545454545456	0.02631578947368421	0.0	0.0015	0.0	0.0015	0.0	0.0	0.0015	0.0	0.0	0.0	0.0	0.14285714285714285	0.3333333333333333	0.0015	0.25	0.0	0.14285714285714285	0.0	0.0	0.0	0.0	0.0	0.0	0.16666666666666666	0.0	0.0015	0.0	0.0	
Mew Gull (<em class="sci">Larus canus</em>)	0.0	0.0	0.0	0.0	0.0	0.0	0.0	0.0	0.0	0.0	0.0	0.0	0.0	0.0	0.0	0.0	0.0015	0.0	0.0	0.0	0.0	0.0	0.0	0.0	0.0	0.0	0.0	0.0	0.0	0.0	0.0	0.0	0.0	0.0	0.0	0.0	0.0	0.0	0.0	0.0	0.0	0.0	0.0	0.0	0.0	0.0	0.0	0.0	
Herring Gull (<em class="sci">Larus argentatus</em>)	0.0	0.0	0.0	0.0	0.0	0.0	0.0	0.0	0.5	1.0	0.0	0.0	0.0	0.0	0.0	0.0	0.0	0.0	0.045454545454545456	0.0	0.0	0.0	0.0	0.0	0.0	0.0	0.0	0.0	0.0	0.0	0.0	0.0	0.0	0.0	0.0	0.0	0.0	0.0	0.0	0.0	0.0	0.0	0.0	0.0	0.0	0.0	0.0	0.0	
Yellow-legged Gull (<em class="sci">Larus michahellis</em>)	0.0	0.375	0.0	0.0	1.0	0.0	0.0	0.0	0.0	0.0	0.0	0.0	0.3333333333333333	0.1794871794871795	0.4074074074074074	0.37037037037037035	0.4444444444444444	0.11428571428571428	0.22727272727272727	0.18421052631578946	0.03636363636363636	0.5	0.0015	0.3	0.46153846153846156	0.3333333333333333	0.1111111111111111	0.45454545454545453	0.5	0.0	0.0	0.2857142857142857	0.6666666666666666	0.4	0.75	0.5	0.2857142857142857	0.0	0.0	0.0	0.0015	0.0	1.0	0.3333333333333333	0.0015	0.6	0.875	0.0	
Lesser Black-backed Gull (<em class="sci">Larus fuscus</em>)	0.0	0.0	0.0	0.0	0.0	0.0	0.0	0.0	0.0	0.0	0.0	0.0	0.0	0.0	0.0	0.0	0.0015	0.0	0.045454545454545456	0.0	0.0	0.0	0.0	0.0	0.0	0.0	0.0	0.0	0.0	0.0	0.0	0.0	0.0	0.0	0.0	0.0	0.0	0.0	0.0	0.0	0.0	0.0	0.0	0.0	0.0	0.0	0.0	0.0	
gull sp. (<em class="sci">Larinae sp.</em>)	0.0	0.0	0.0	0.0	0.0	0.0	0.0	0.0	0.0	0.0	0.0	0.0	0.0	0.0	0.0	0.0	0.0	0.0	0.0	0.0	0.0	0.0	0.0	0.0	0.0	0.0	0.0	0.0	0.0	0.0	0.0	0.0	0.0	0.0	0.0	0.0	0.14285714285714285	0.0	0.0	0.0	0.0	0.0	0.0	0.0	0.0	0.0	0.0	0.0	
Gull-billed Tern (<em class="sci">Gelochelidon nilotica</em>)	0.0	0.0	0.0	0.0	0.0	0.0	0.0	0.0	0.0	0.0	0.0	0.0	0.0	0.0	0.0	0.0	0.0	0.0	0.0	0.0	0.0	0.0	0.0	0.0	0.0	0.0	0.0	0.0	0.0	0.0	0.0	0.0	0.0	0.1	0.0	0.0	0.0	0.0	0.0	0.0	0.0	0.0	0.0	0.0	0.0	0.0	0.0	0.0	
Caspian Tern (<em class="sci">Hydroprogne caspia</em>)	0.0	0.0	0.0	0.0	0.0	0.0	0.0	0.0	0.0	0.0	0.0	0.0	0.0	0.0	0.0	0.0	0.0	0.0	0.0	0.0	0.0	0.0	0.0	0.0	0.0	0.0	0.0015	0.0	0.0	0.0	0.0	0.0	0.0	0.0	0.0	0.0	0.0	0.0	0.0	0.0	0.0	0.0	0.0	0.0	0.0	0.0	0.0	0.0	
Black Tern (<em class="sci">Chlidonias niger</em>)	0.0	0.0	0.0	0.0	0.0	0.0	0.0	0.0	0.0	0.0	0.0	0.0	0.0	0.0	0.0015	0.0	0.0	0.0	0.0	0.0	0.0	0.0	0.0	0.0	0.0	0.0	0.0	0.0	0.0	0.0	0.0	0.0	0.0	0.0	0.0	0.0	0.0	0.0	0.0	0.0	0.0	0.0	0.0	0.0	0.0	0.0	0.0	0.0	
Common Tern (<em class="sci">Sterna hirundo</em>)	0.0	0.0	0.0	0.0	0.0	0.0	0.0	0.0	0.0	0.0	0.0	0.0	0.0	0.0	0.0	0.0	0.0	0.0	0.0	0.0	0.0	0.0	0.0	0.0	0.07692307692307693	0.0	0.0	0.0	0.0	0.0	0.0	0.0	0.3333333333333333	0.0	0.0	0.0	0.0	0.0	0.0	0.0	0.0	0.0	0.0	0.0	0.0	0.0	0.0	0.0	
Sandwich Tern (<em class="sci">Thalasseus sandvicensis</em>)	0.0	0.0	0.0	0.0	0.0015	0.0	0.0	0.0	0.0	0.0	0.0	0.0	0.0	0.0	0.0	0.0	0.0	0.0	0.0	0.0	0.0	0.0	0.0	0.0	0.0	0.0	0.0	0.0	0.0	0.0	0.0	0.0	0.0	0.0	0.0	0.0	0.0	0.0	0.0	0.0	0.0	0.0	0.0	0.0	0.0	0.0	0.0	0.0	
Rock Dove (<em class="sci">Columba livia</em>)	0.0	0.125	0.0	0.0	1.0	0.0	0.0	0.0	0.0	0.0	0.0	0.0	0.0	0.05128205128205128	0.1111111111111111	0.037037037037037035	0.2222222222222222	0.02857142857142857	0.13636363636363635	0.0	0.05454545454545454	0.08333333333333333	0.0	0.1	0.07692307692307693	0.3333333333333333	0.0	0.2727272727272727	0.0	0.0015	0.0	0.14285714285714285	0.0015	0.2	0.5	0.16666666666666666	0.0	0.0	0.0	0.0	0.0015	0.0	0.0	0.0	0.0	0.0	0.125	0.0	
Stock Dove (<em class="sci">Columba oenas</em>)	0.0	0.0	0.0	0.0	0.0	0.0	0.0	0.0	0.0	0.0	0.0	0.0	0.0	0.0	0.0	0.0	0.0	0.0	0.045454545454545456	0.0	0.0	0.0	0.0	0.0	0.0	0.0	0.0	0.0	0.0	0.0	0.0	0.0	0.0	0.0	0.0	0.0	0.0	0.0	0.0	0.0	0.0	0.0	0.0	0.0	0.0	0.0	0.0	0.0	
Common Wood-Pigeon (<em class="sci">Columba palumbus</em>)	0.0	0.125	0.0	0.0	0.0	0.0015	0.0	0.0	0.0	0.0	0.0	0.0	0.0	0.07692307692307693	0.037037037037037035	0.2962962962962963	0.18518518518518517	0.12857142857142856	0.13636363636363635	0.0	0.18181818181818182	0.0	0.3333333333333333	0.0	0.07692307692307693	0.3333333333333333	0.0	0.18181818181818182	0.0	1.0	0.0	0.0	0.0015	0.0	0.0015	0.0	0.0	0.0	0.0	0.0	0.0	0.0	0.0	0.0	0.0015	0.0	0.25	0.0	
European Turtle-Dove (<em class="sci">Streptopelia turtur</em>)	0.0	0.0	0.0	0.0	0.0	0.0	0.0	0.0	0.0	0.0	0.0	0.0	0.0	0.0	0.0015	0.14814814814814814	0.037037037037037035	0.05714285714285714	0.045454545454545456	0.07894736842105263	0.01818181818181818	0.08333333333333333	0.0	0.1	0.15384615384615385	0.3333333333333333	0.0	0.0	0.0	0.0015	0.0	0.0	0.0	0.0	0.0	0.0	0.0	0.0	0.0	0.0	0.0	0.0	0.0	0.0	0.0	0.0	0.0	0.0	
Eurasian Collared-Dove (<em class="sci">Streptopelia decaocto</em>)	0.0	0.125	0.0	0.0	1.0	0.0	0.0	0.0	0.0	0.0	0.0	0.0	0.0	0.10256410256410256	0.07407407407407407	0.3333333333333333	0.18518518518518517	0.1	0.2727272727272727	0.07894736842105263	0.03636363636363636	0.4166666666666667	0.3333333333333333	0.1	0.23076923076923078	0.3333333333333333	0.0	0.09090909090909091	0.0	1.0	0.0	0.14285714285714285	0.0015	0.6	0.75	0.3333333333333333	0.14285714285714285	0.0	0.0	0.0	0.0015	0.0	1.0	0.16666666666666666	0.0	0.0	0.125	0.0	
Common Cuckoo (<em class="sci">Cuculus canorus</em>)	0.0	0.0	0.0	0.0	0.0	0.0	0.0	0.0	0.0	0.0	0.0	0.0	0.0	0.10256410256410256	0.14814814814814814	0.18518518518518517	0.2222222222222222	0.2	0.22727272727272727	0.13157894736842105	0.14545454545454545	0.0	0.0	0.0	0.0	0.0	0.0	0.0	0.0	0.0	0.0	0.0	0.0	0.0	0.0	0.0	0.0	0.0	0.0	0.0	0.0	0.0	0.0	0.0	0.0	0.0	0.0	0.0	
Barn Owl (<em class="sci">Tyto alba</em>)	0.0	0.0	0.0	0.0	0.0	0.0	0.0	0.0	0.0	0.0	0.0	0.0	0.0	0.0	0.0	0.037037037037037035	0.0	0.0	0.0	0.0	0.0	0.0	0.0	0.0	0.0	0.0	0.0	0.0	0.0	0.0	0.0	0.0	0.0	0.0	0.0	0.0	0.0	0.0	0.0	0.0	0.0	0.0	0.0	0.0	0.0	0.0	0.125	0.0	
European Scops-Owl (<em class="sci">Otus scops</em>)	0.0	0.0	0.0	0.0	0.0	0.0	0.0	0.0	0.0	0.0	0.0	0.0	0.3333333333333333	0.07692307692307693	0.07407407407407407	0.037037037037037035	0.1111111111111111	0.1	0.0	0.13157894736842105	0.05454545454545454	0.0015	0.0	0.1	0.0	0.3333333333333333	0.0015	0.0	0.0	1.0	0.0	0.14285714285714285	0.3333333333333333	0.0015	0.0	0.16666666666666666	0.0	0.0	0.0	0.0	0.0	0.0	0.0	0.0	0.0	0.0	0.0	0.0	
Little Owl (<em class="sci">Athene noctua</em>)	0.0	0.0	0.0	0.0	0.0	0.0	0.0	0.0	0.0	0.0	0.0	0.0	0.0	0.0	0.0	0.0	0.0	0.0	0.0	0.0	0.0	0.0	0.0	0.0	0.0	0.0	0.0	0.0	0.0	0.0	0.0	0.0	0.0	0.0	0.0	0.0	0.0	0.0	0.0	0.0	0.0	0.0	0.0	0.0	0.0	0.0	0.125	0.0	
Long-eared Owl (<em class="sci">Asio otus</em>)	0.0	0.0	0.0	0.0	0.0	0.0	0.0	0.0	0.0	0.0	0.0	0.0	0.0	0.0	0.0	0.0	0.0	0.014285714285714285	0.0	0.0	0.0	0.0015	0.0015	0.0	0.0	0.0	0.0	0.0	0.0	0.0	0.0	0.0	0.0	0.0	0.0	0.0	0.0	0.0	0.0	0.0	0.0	0.0	0.0	0.0	0.0	0.0	0.0	0.0	
Eurasian Nightjar (<em class="sci">Caprimulgus europaeus</em>)	0.0	0.0	0.0	0.0	0.0	0.0	0.0	0.0	0.0	0.0	0.0	0.0	0.0	0.0	0.0	0.0	0.0	0.0015	0.0	0.05263157894736842	0.05454545454545454	0.0	0.0	0.1	0.0015	0.0	0.1111111111111111	0.0	0.0	1.0	0.0	0.0	0.0	0.1	0.0	0.0	0.0	0.0	0.0	0.0	0.0	0.0	0.0	0.0	0.0	0.0	0.0	0.0	
Alpine Swift (<em class="sci">Apus melba</em>)	0.0	0.0	0.0	0.0	0.0	0.0	0.0	0.0	0.0	0.0	0.0	0.0	0.0	0.02564102564102564	0.07407407407407407	0.1111111111111111	0.037037037037037035	0.014285714285714285	0.0	0.0	0.01818181818181818	0.08333333333333333	0.0	0.1	0.23076923076923078	0.0015	0.1111111111111111	0.09090909090909091	0.5	1.0	0.0	0.14285714285714285	0.0	0.1	0.0	0.0	0.0	0.0	0.0	0.0	0.0	0.0	0.0	0.0	0.0	0.0	0.0	0.0	
Common Swift (<em class="sci">Apus apus</em>)	0.0	0.0	0.0	0.0	0.0	0.0	0.0	0.0	0.0	0.0	0.0	0.0	0.0	0.10256410256410256	0.0	0.4444444444444444	0.48148148148148145	0.24285714285714285	0.22727272727272727	0.13157894736842105	0.14545454545454545	0.3333333333333333	0.3333333333333333	0.4	0.07692307692307693	0.3333333333333333	0.0	0.36363636363636365	0.0015	1.0	0.0	0.14285714285714285	0.0	0.0	0.0	0.0	0.0	0.0	0.0	0.0	0.0	0.0	0.0	0.0	0.0	0.0	0.0	0.0	
Pallid Swift (<em class="sci">Apus pallidus</em>)	0.0	0.0	0.0	0.0	0.0	0.0	0.0	0.0	0.0	0.0	0.0	0.0	0.0	0.0	0.0015	0.0	0.037037037037037035	0.0	0.0	0.02631578947368421	0.03636363636363636	0.08333333333333333	0.0	0.0015	0.3076923076923077	0.0	0.0015	0.18181818181818182	0.0015	0.0015	0.0	0.14285714285714285	0.0	0.1	0.0	0.16666666666666666	0.0	0.0	0.0	0.0	0.0	0.0	0.0	0.0	0.0	0.0	0.0	0.0	
Apus sp. (<em class="sci">Apus sp.</em>)	0.0	0.0	0.0	0.0	0.0	0.0	0.0	0.0	0.0	0.0	0.0	0.0	0.0	0.0	0.0	0.037037037037037035	0.0	0.0	0.0	0.0	0.0	0.0	0.0	0.0	0.0	0.0	0.0	0.0	0.0	0.0	0.0	0.0	0.0	0.0	0.0	0.0	0.0	0.0	0.0	0.0	0.0	0.0	0.0	0.0	0.0	0.0	0.0	0.0	
swift sp. (<em class="sci">Apodidae sp.</em>)	0.0	0.0	0.0	0.0	0.0	0.0	0.0	0.0	0.0	0.0	0.0	0.0	0.0	0.0	0.0	0.0	0.0	0.0	0.045454545454545456	0.0	0.0	0.08333333333333333	0.0	0.0	0.0	0.0	0.0	0.0	0.0	0.0	0.0	0.0	0.0	0.0	0.0	0.0	0.0	0.0	0.0	0.0	0.0	0.0	0.0	0.0	0.0	0.0	0.0	0.0	
Common Kingfisher (<em class="sci">Alcedo atthis</em>)	0.0	0.0	0.0	0.0	0.0015	0.0	0.0	0.0	0.0	0.0	0.0	0.0	0.0	0.0	0.0	0.0	0.037037037037037035	0.0015	0.0	0.0	0.01818181818181818	0.0	0.0	0.0	0.0	0.0	0.0	0.0	0.0	0.0	0.0	0.0	0.3333333333333333	0.0	0.25	0.16666666666666666	0.0	0.0	0.0	0.0	0.0	0.0	0.0	0.0	0.0015	0.0	0.625	0.0	
European Bee-eater (<em class="sci">Merops apiaster</em>)	0.0	0.0	0.0	0.0	0.0	0.0	0.0	0.0	0.0	0.0	0.0	0.0	0.0	0.0	0.0015	0.25925925925925924	0.1111111111111111	0.08571428571428572	0.0	0.02631578947368421	0.0	0.0015	0.0	0.1	0.3076923076923077	0.0015	0.2222222222222222	0.09090909090909091	0.0	0.0015	0.0	0.2857142857142857	0.0	0.0	0.0	0.0	0.0	0.0	0.0	0.0	0.0	0.0	0.0	0.0	0.0	0.0	0.0	0.0	
Eurasian Hoopoe (<em class="sci">Upupa epops</em>)	0.0	0.0	0.0	0.0	0.0	0.0	0.0	0.0	0.0	1.0	0.0	0.0	0.0	0.07692307692307693	0.037037037037037035	0.2222222222222222	0.07407407407407407	0.02857142857142857	0.0015	0.0	0.0	0.08333333333333333	0.3333333333333333	0.1	0.07692307692307693	0.3333333333333333	0.0	0.0	0.0	0.0015	0.0	0.0	0.0	0.0	0.0	0.0	0.0	0.0	0.0	0.0	0.0	0.0	0.0	0.0	0.0	0.0	0.0	0.0	
Eurasian Wryneck (<em class="sci">Jynx torquilla</em>)	0.0	0.0	0.0	0.0	0.0	0.0	0.0	0.0	0.0	0.0	0.0	0.0	0.0	0.05128205128205128	0.07407407407407407	0.07407407407407407	0.037037037037037035	0.05714285714285714	0.045454545454545456	0.05263157894736842	0.03636363636363636	0.0	0.0	0.0	0.0	0.0	0.0	0.0	0.0	0.0	0.0	0.0	0.0	0.0	0.25	0.0	0.0	0.0	0.0	0.0	0.0	0.0	0.0	0.0	0.0	0.0	0.0	0.0	
Great Spotted Woodpecker (<em class="sci">Dendrocopos major</em>)	0.0	0.5	0.0	0.0	0.0015	1.0	0.0	0.0	0.0	0.0	0.0	0.0	0.0	0.20512820512820512	0.2222222222222222	0.2962962962962963	0.4074074074074074	0.4142857142857143	0.36363636363636365	0.23684210526315788	0.36363636363636365	0.16666666666666666	0.3333333333333333	0.2	0.23076923076923078	0.3333333333333333	0.0	0.2727272727272727	0.0	1.0	0.0	0.2857142857142857	0.3333333333333333	0.1	0.75	0.6666666666666666	0.14285714285714285	0.0	0.0	0.0	0.0	0.0	0.0	0.16666666666666666	0.25	0.0	0.0	0.0	
Dendrocopos sp. (<em class="sci">Dendrocopos sp.</em>)	0.0	0.0	0.0	0.0	0.0	0.0	0.0	0.0	0.0	0.0	0.0	0.0	0.0	0.0	0.0	0.0	0.0	0.0	0.0	0.0	0.0	0.0	0.0	0.1	0.0	0.0	0.0	0.0	0.0	0.0	0.0	0.0	0.0	0.0	0.0	0.0	0.0	0.0	0.0	0.0	0.0	0.0	0.0	0.0	0.0	0.0	0.0	0.0	
Common Kestrel (<em class="sci">Falco tinnunculus</em>)	0.0	0.0015	0.0	0.0	0.25	0.0015	0.0	0.0	0.0	0.0	0.0	0.0	0.3333333333333333	0.15384615384615385	0.2222222222222222	0.2962962962962963	0.1111111111111111	0.04285714285714286	0.0015	0.02631578947368421	0.0	0.0015	0.0015	0.3	0.15384615384615385	0.3333333333333333	0.0	0.18181818181818182	0.0	1.0	0.0	0.42857142857142855	0.6666666666666666	0.2	0.25	0.3333333333333333	0.0	0.0	0.0	0.0	0.0	0.0	0.0	0.16666666666666666	0.0015	0.4	0.625	0.0	
Red-footed Falcon (<em class="sci">Falco vespertinus</em>)	0.0	0.0	0.0	0.0	0.0	0.0	0.0	0.0	0.0	0.0	0.0	0.0	0.0	0.0	0.0	0.037037037037037035	0.0015	0.0015	0.0	0.0	0.0	0.0	0.0	0.0	0.0	0.0	0.0	0.0	0.0	0.0	0.0	0.0	0.0	0.0	0.0	0.0	0.0	0.0	0.0	0.0	0.0	0.0	0.0	0.0	0.0	0.0	0.0	0.0	
Eleonora's Falcon (<em class="sci">Falco eleonorae</em>)	0.0	0.0	0.0	0.0	0.0	0.0	0.0	0.0	0.0	0.0	0.0	0.0	0.0	0.0	0.0015	0.0	0.0	0.0	0.045454545454545456	0.0	0.0	0.0	0.0	0.0	0.0	0.0	0.0	0.0	0.0	0.0	0.0	0.0	0.0	0.0	0.0	0.0	0.0	0.0	0.0	0.0	0.0	0.0	0.0	0.0	0.0	0.0	0.0	0.0	
Eurasian Hobby (<em class="sci">Falco subbuteo</em>)	0.0	0.0	0.0	0.0	0.0	0.0	0.0	0.0	0.0	0.0	0.0	0.0	0.0	0.0	0.0015	0.0015	0.0015	0.014285714285714285	0.0	0.0	0.0	0.0	0.0	0.0	0.07692307692307693	0.0	0.0	0.0	0.0015	0.0	0.0	0.0	0.0	0.0015	0.0	0.0	0.0	0.0	0.0	0.0	0.0	0.0	0.0	0.0	0.0	0.0	0.0	0.0	
Peregrine Falcon (<em class="sci">Falco peregrinus</em>)	0.0	0.0	0.0	0.0	0.0	0.0	0.0	0.0	0.0	0.0	0.0	0.0	0.0	0.0	0.037037037037037035	0.037037037037037035	0.0	0.014285714285714285	0.0	0.0	0.01818181818181818	0.08333333333333333	0.0	0.1	0.07692307692307693	0.0	0.0	0.0015	0.0	0.0	0.0	0.14285714285714285	0.0	0.0	0.0	0.0015	0.0	0.0	0.0	0.0	0.0	0.0	0.0	0.0	0.0	0.0	0.0	0.0	
falcon sp. (<em class="sci">Falco sp.</em>)	0.0	0.0	0.0	0.0	0.0	0.0	0.0	0.0	0.0	0.0	0.0	0.0	0.0	0.0	0.0	0.07407407407407407	0.0	0.0	0.0	0.0	0.0	0.0	0.0	0.0	0.0	0.0	0.0	0.0	0.0	0.0	0.0	0.0	0.0	0.0	0.0	0.0	0.14285714285714285	0.0	0.0	0.0	0.0	0.0	0.0	0.0	0.0	0.0	0.0	0.0	
Red-backed Shrike (<em class="sci">Lanius collurio</em>)	0.0	0.0	0.0	0.0	0.0	0.0	0.0	0.0	0.0	0.0	0.0	0.0	0.0	0.0	0.0	0.037037037037037035	0.0	0.014285714285714285	0.0	0.02631578947368421	0.0	0.0	0.0	0.0	0.0	0.3333333333333333	0.1111111111111111	0.09090909090909091	0.0	0.0	0.0	0.0	0.3333333333333333	0.2	0.25	0.0	0.0	0.0	0.0	0.0	0.0	0.0	0.0	0.0	0.0	0.0	0.0	0.0	
Woodchat Shrike (<em class="sci">Lanius senator</em>)	0.0	0.0	0.0	0.0	0.0	0.0	0.0	0.0	0.0	0.0	0.0	0.0	0.0	0.02564102564102564	0.07407407407407407	0.14814814814814814	0.0	0.0	0.0	0.0	0.01818181818181818	0.0015	0.0	0.0	0.0	0.3333333333333333	0.0015	0.0	0.0	0.0015	0.0	0.0	0.3333333333333333	0.0015	0.0	0.0	0.0	0.0	0.0	0.0	0.0	0.0	0.0	0.0	0.0	0.0	0.0	0.0	
Eurasian Golden Oriole (<em class="sci">Oriolus oriolus</em>)	0.0	0.0	0.0	0.0	0.0	0.0	0.0	0.0	0.0	0.0	0.0	0.0	0.0	0.0	0.0	0.0015	0.037037037037037035	0.0	0.0	0.02631578947368421	0.0	0.0	0.0	0.1	0.0	0.0	0.0	0.0	0.0	0.0	0.0	0.0	0.0	0.0	0.0	0.0	0.0	0.0	0.0	0.0	0.0	0.0	0.0	0.0	0.0	0.0	0.0	0.0	
Eurasian Jay (<em class="sci">Garrulus glandarius</em>)	0.1111111111111111	0.625	0.0	0.0	0.0015	0.0015	0.0	0.0	0.0	0.0	0.0	0.0	0.0	0.3333333333333333	0.37037037037037035	0.2962962962962963	0.37037037037037035	0.32857142857142857	0.5	0.21052631578947367	0.45454545454545453	0.25	0.3333333333333333	0.4	0.15384615384615385	0.6666666666666666	0.1111111111111111	0.18181818181818182	0.5	1.0	0.0	0.14285714285714285	0.0	0.3	0.75	0.3333333333333333	0.2857142857142857	0.0	0.0	0.0	0.0	0.0	0.0	0.0	0.5	0.0015	0.375	0.0	
Common Magpie (<em class="sci">Pica pica</em>)	0.0	0.0	0.0	0.0	0.0	0.0	0.0	0.0	0.0	0.0	0.0	0.0	0.0	0.0	0.0	0.07407407407407407	0.0	0.0	0.0	0.0	0.0	0.0	0.0	0.0	0.0	0.0015	0.0	0.0	0.0	0.0	0.0	0.0	0.0	0.0	0.0	0.0	0.0	0.0	0.0	0.0	0.0	0.0	0.0	0.0	0.0	0.0	0.0	0.0	
Alpine Chough (<em class="sci">Pyrrhocorax graculus</em>)	0.0	0.0	0.0	0.0	0.0	0.0	0.0	0.0	0.0	0.0	0.0	0.0	0.0	0.02564102564102564	0.07407407407407407	0.07407407407407407	0.0	0.014285714285714285	0.0	0.0	0.0	0.0	0.3333333333333333	0.0	0.07692307692307693	0.3333333333333333	0.1111111111111111	0.0015	0.0	1.0	0.0	0.14285714285714285	0.0	0.0	0.0	0.16666666666666666	0.14285714285714285	0.0	0.0	0.0	0.0	0.0	0.0	0.0	0.25	0.0	0.0	0.0	
Eurasian Jackdaw (<em class="sci">Corvus monedula</em>)	0.0	0.0	0.0	0.0	0.25	0.0	0.0	0.0	0.0	0.0	0.0	0.0	0.0	0.0	0.0	0.0	0.0	0.014285714285714285	0.0	0.0	0.0	0.0	0.0	0.0	0.0	0.0015	0.0	0.0	0.0	0.0	0.0	0.0	0.0	0.0	0.0	0.0	0.0	0.0	0.0	0.0	0.0	0.0	0.0	0.3333333333333333	0.0	0.0	0.0	0.0	
Carrion Crow (<em class="sci">Corvus corone</em>)	0.0	0.0	0.0	0.0	0.0	0.0	0.0	0.0	0.0	0.0	0.0	0.0	0.0	0.0	0.0	0.0	0.0	0.0	0.0	0.0	0.0	0.0	0.0	0.0	0.0	0.6666666666666666	0.0	0.0	0.0	0.0	0.0	0.0	0.0	0.1	0.0	0.0	0.0	0.0	0.0	0.0	0.0	0.0	0.0	0.0	0.0	0.0	0.0	0.0	
Hooded Crow (<em class="sci">Corvus cornix</em>)	0.1111111111111111	0.5	0.0	0.0	0.25	1.0	0.0	0.0	0.0	0.0	0.0	0.0	0.3333333333333333	0.3076923076923077	0.4444444444444444	0.48148148148148145	0.5925925925925926	0.22857142857142856	0.45454545454545453	0.18421052631578946	0.12727272727272726	0.5	0.0015	0.2	0.38461538461538464	0.0015	0.0015	0.2727272727272727	0.5	1.0	0.0	0.14285714285714285	0.6666666666666666	0.5	0.75	0.3333333333333333	0.7142857142857143	0.0	0.0	0.0	0.0015	0.0	0.5	0.5	0.25	1.0	0.75	0.0	
Common Raven (<em class="sci">Corvus corax</em>)	0.1111111111111111	0.25	0.0	0.0	0.5	0.0	0.0	0.0	0.0	0.0	0.0	0.0	0.3333333333333333	0.1794871794871795	0.37037037037037035	0.4444444444444444	0.37037037037037035	0.11428571428571428	0.09090909090909091	0.10526315789473684	0.14545454545454545	0.08333333333333333	0.3333333333333333	0.4	0.07692307692307693	0.3333333333333333	0.1111111111111111	0.36363636363636365	0.5	0.0015	0.0	0.2857142857142857	0.0015	0.2	0.75	0.5	0.14285714285714285	0.0	0.0	0.0	0.0	0.0	0.0	0.0	0.5	0.0	0.25	0.0	
Greater Short-toed Lark (<em class="sci">Calandrella brachydactyla</em>)	0.0	0.0	0.0	0.0	0.0	0.0	0.0	0.0	0.0	0.0	0.0	0.0	0.0	0.0	0.037037037037037035	0.037037037037037035	0.0	0.0	0.0	0.0	0.0	0.0	0.0	0.0	0.0	0.0	0.0015	0.0	0.0	0.0015	0.0	0.0	0.0	0.0	0.0	0.0	0.0	0.0	0.0	0.0	0.0	0.0	0.0	0.0	0.0	0.0	0.0	0.0	
Skylark (<em class="sci">Alauda arvensis</em>)	0.0	0.0	0.0	0.0	0.0	0.0	0.0	0.0	0.0	0.0	0.0	0.0	0.0	0.02564102564102564	0.0	0.0	0.0	0.0	0.0	0.02631578947368421	0.0	0.0	0.0	0.0	0.0	0.3333333333333333	0.0	0.0	0.0	0.0	0.0	0.0	0.0	0.0	0.0	0.0	0.0	0.0	0.0	0.0	0.0	0.0	0.0	0.0	0.0	0.4	0.5	0.0	
Woodlark (<em class="sci">Lullula arborea</em>)	0.0	0.0	0.0	0.0	0.0	0.0	0.0	0.0	0.0	0.0	0.0	0.0	0.0	0.10256410256410256	0.18518518518518517	0.18518518518518517	0.037037037037037035	0.04285714285714286	0.09090909090909091	0.0	0.0	0.08333333333333333	0.0	0.1	0.0	0.0015	0.1111111111111111	0.0	0.0	0.0015	0.0	0.0	0.0015	0.0	0.0	0.0	0.0	0.0	0.0	0.0	0.0	0.0	0.0	0.0	0.25	0.2	0.375	0.0	
Sand Martin (<em class="sci">Riparia riparia</em>)	0.0	0.0	0.0	0.0	0.0	0.0	0.0	0.0	0.0	0.0	0.0	0.0	0.0	0.0	0.037037037037037035	0.07407407407407407	0.037037037037037035	0.0015	0.045454545454545456	0.0	0.0	0.0	0.0	0.0	0.0	0.0	0.0	0.0	0.0	0.0	0.0	0.0	0.3333333333333333	0.0	0.0	0.0	0.0	0.0	0.0	0.0	0.0	0.0	0.0	0.0	0.0	0.0	0.0	0.0	
Eurasian Crag-Martin (<em class="sci">Ptyonoprogne rupestris</em>)	0.0	0.0	0.0	0.0	0.0015	0.0015	0.0	0.0	0.0	0.0	0.0	0.0	0.0	0.1794871794871795	0.2222222222222222	0.2222222222222222	0.037037037037037035	0.014285714285714285	0.18181818181818182	0.0	0.03636363636363636	0.0	0.0	0.1	0.15384615384615385	0.3333333333333333	0.0	0.09090909090909091	0.0	1.0	0.0	0.14285714285714285	0.0	0.1	0.0	0.16666666666666666	0.14285714285714285	0.0	0.0	0.0	0.0	0.0	0.5	0.16666666666666666	0.0015	0.0	0.0	0.0	
Barn Swallow (<em class="sci">Hirundo rustica</em>)	0.0	0.0	0.0	0.0	0.0	0.0	0.0	0.0	0.0	0.0	0.0	0.0	0.0	0.1282051282051282	0.3333333333333333	0.4444444444444444	0.2222222222222222	0.04285714285714286	0.18181818181818182	0.05263157894736842	0.01818181818181818	0.16666666666666666	0.0	0.2	0.07692307692307693	0.3333333333333333	0.0	0.09090909090909091	0.0	0.0	0.0	0.0	0.3333333333333333	0.5	0.5	0.16666666666666666	0.0	0.0	0.0	0.0	0.0	0.0	0.0	0.0	0.0	0.0	0.0	0.0	
Red-rumped Swallow (<em class="sci">Cecropis daurica</em>)	0.0	0.0	0.0	0.0	0.0	0.0	0.0	0.0	0.0	0.0	0.0	0.0	0.0	0.0	0.0	0.07407407407407407	0.0015	0.0	0.0	0.0	0.0	0.0	0.0	0.0015	0.0	0.0	0.0	0.0	0.0	0.0	0.0	0.0	0.0015	0.0	0.0	0.0	0.0	0.0	0.0	0.0	0.0	0.0	0.0	0.0	0.0	0.0	0.0	0.0	
Common House-Martin (<em class="sci">Delichon urbicum</em>)	0.0	0.0	0.0	0.0	0.0	0.0	0.0	0.0	0.0	0.0	0.0	0.0	0.0	0.02564102564102564	0.2222222222222222	0.14814814814814814	0.2962962962962963	0.1	0.13636363636363635	0.10526315789473684	0.05454545454545454	0.08333333333333333	0.0015	0.2	0.3076923076923077	0.3333333333333333	0.0	0.2727272727272727	0.5	1.0	0.0	0.42857142857142855	0.3333333333333333	0.3	0.25	0.0	0.0	0.0	0.0	0.0	0.0	0.0	0.0	0.0	0.0	0.0	0.0	0.0	
swallow sp. (<em class="sci">Hirundinidae sp.</em>)	0.0	0.0	0.0	0.0	0.0	0.0	0.0	0.0	0.0	0.0	0.0	0.0	0.0	0.0	0.0	0.0	0.0	0.0	0.045454545454545456	0.0	0.0	0.0015	0.0	0.0	0.0	0.0	0.0	0.0	0.0	0.0	0.0	0.0	0.0	0.0	0.0	0.0	0.14285714285714285	0.0	0.0	0.0	0.0	0.0	0.0	0.0	0.0	0.0	0.0	0.0	
Coal Tit (<em class="sci">Periparus ater</em>)	0.0	0.125	0.0	0.0	0.0015	1.0	0.0	0.0	0.0	0.0	0.0	0.0	0.3333333333333333	0.358974358974359	0.25925925925925924	0.25925925925925924	0.3333333333333333	0.4142857142857143	0.3181818181818182	0.3157894736842105	0.5454545454545454	0.08333333333333333	0.3333333333333333	0.2	0.07692307692307693	0.3333333333333333	0.2222222222222222	0.18181818181818182	0.5	1.0	0.0	0.5714285714285714	0.3333333333333333	0.1	0.0	0.3333333333333333	0.2857142857142857	0.0	0.0	0.0	0.0	0.0	0.0	0.16666666666666666	0.75	0.0	0.0	0.0	
Great Tit (<em class="sci">Parus major</em>)	0.1111111111111111	0.5	0.0	0.0	0.25	1.0	0.0	0.0	0.0	0.0	0.0	0.0	0.3333333333333333	0.41025641025641024	0.5185185185185185	0.3333333333333333	0.7037037037037037	0.6	0.4090909090909091	0.3157894736842105	0.45454545454545453	0.16666666666666666	0.3333333333333333	0.3	0.15384615384615385	0.6666666666666666	0.0	0.2727272727272727	1.0	1.0	0.0	0.2857142857142857	0.3333333333333333	0.2	0.0	0.6666666666666666	0.14285714285714285	0.0	0.0	0.0	0.0	0.0	0.5	0.5	0.5	0.8	0.375	0.0	
Blue Tit (<em class="sci">Cyanistes caeruleus</em>)	0.0	0.25	0.0	0.0	0.75	1.0	0.0	0.0	0.0	0.0	0.0	0.0	0.0	0.3333333333333333	0.4444444444444444	0.25925925925925924	0.4444444444444444	0.4857142857142857	0.5454545454545454	0.3684210526315789	0.5636363636363636	0.25	0.3333333333333333	0.3	0.23076923076923078	0.3333333333333333	0.0	0.09090909090909091	0.0	0.0	0.0	0.5714285714285714	0.3333333333333333	0.4	0.5	0.3333333333333333	0.42857142857142855	0.0	0.0	0.0	0.0	0.0	0.0	0.16666666666666666	0.25	0.0	0.5	0.0	
Long-tailed Tit (<em class="sci">Aegithalos caudatus</em>)	0.0	0.0	0.0	0.0	0.0015	0.0015	0.0	0.0	0.0	0.0	0.0	0.0	0.0	0.15384615384615385	0.3333333333333333	0.14814814814814814	0.18518518518518517	0.1	0.045454545454545456	0.05263157894736842	0.07272727272727272	0.08333333333333333	0.0015	0.1	0.07692307692307693	0.0	0.0	0.0	0.0	1.0	0.0	0.14285714285714285	0.0	0.1	0.0	0.5	0.0	0.0	0.0	0.0	0.0	0.0	0.0	0.16666666666666666	0.0015	0.4	0.375	0.0	
Eurasian Nuthatch (<em class="sci">Sitta europaea</em>)	0.0	0.0	0.0	0.0	0.0	0.0	0.0	0.0	0.0	0.0	0.0	0.0	0.0	0.0	0.0	0.0	0.0	0.0	0.0	0.0	0.0	0.0	0.0	0.0	0.0	0.0015	0.0	0.0	0.0	0.0	0.0	0.0	0.0	0.0	0.0	0.0	0.0	0.0	0.0	0.0	0.0	0.0	0.0	0.0	0.0	0.0	0.0	0.0	
Corsican Nuthatch (<em class="sci">Sitta whiteheadi</em>)	0.0	0.25	0.0	0.0	0.0	1.0	0.0	0.0	0.0	0.0	0.0	0.0	0.3333333333333333	0.0	0.07407407407407407	0.14814814814814814	0.07407407407407407	0.0015	0.0	0.0	0.01818181818181818	0.08333333333333333	0.0	0.2	0.0	0.3333333333333333	0.1111111111111111	0.18181818181818182	0.0015	1.0	0.0	0.2857142857142857	0.0015	0.1	0.0	0.16666666666666666	0.14285714285714285	0.0	0.0	0.0	0.0	0.0	0.0	0.16666666666666666	0.25	0.0	0.0	0.0	
Wallcreeper (<em class="sci">Tichodroma muraria</em>)	0.0	0.0	0.0	0.0	0.25	0.0	0.0	0.0	0.0	0.0	0.0	0.0	0.0	0.0	0.0	0.0	0.0	0.0	0.0	0.0	0.0	0.0	0.0	0.0	0.0	0.0	0.0	0.0	0.0	0.0	0.0	0.0	0.0	0.0	0.0	0.0	0.0	0.0	0.0	0.0	0.0	0.0	0.0	0.0	0.0	0.0015	0.0	0.0	
Eurasian Treecreeper (<em class="sci">Certhia familiaris</em>)	0.0	0.125	0.0	0.0	0.0	1.0	0.0	0.0	0.0	0.0	0.0	0.0	0.0	0.07692307692307693	0.07407407407407407	0.07407407407407407	0.2222222222222222	0.014285714285714285	0.045454545454545456	0.05263157894736842	0.14545454545454545	0.0	0.0	0.0	0.07692307692307693	0.3333333333333333	0.0015	0.0	0.0	1.0	0.0	0.14285714285714285	0.0	0.0	0.0	0.0	0.0	0.0	0.0	0.0	0.0	0.0	0.0	0.0	0.5	0.0	0.0	0.0	
Short-toed Treecreeper (<em class="sci">Certhia brachydactyla</em>)	0.0	0.0	0.0	0.0	0.0	0.0	0.0	0.0	0.0	0.0	0.0	0.0	0.0	0.0	0.0	0.0	0.0	0.0	0.0	0.0	0.01818181818181818	0.08333333333333333	0.0	0.0	0.0	0.0	0.0	0.0	0.0	0.0	0.0	0.0	0.0	0.0	0.0	0.0	0.0	0.0	0.0	0.0	0.0	0.0	0.0	0.0	0.0	0.0	0.0	0.0	
Eurasian Wren (<em class="sci">Troglodytes troglodytes</em>)	0.0	0.125	0.0	0.0	0.0	0.0015	0.0	0.0	0.0	0.0	0.0	0.0	0.0	0.3333333333333333	0.37037037037037035	0.2962962962962963	0.2222222222222222	0.44285714285714284	0.36363636363636365	0.15789473684210525	0.2727272727272727	0.08333333333333333	0.0	0.2	0.15384615384615385	0.0015	0.1111111111111111	0.18181818181818182	0.0	0.0015	0.0	0.14285714285714285	0.0	0.2	0.25	0.16666666666666666	0.14285714285714285	0.0	0.0	0.0	0.0	0.0	0.0	0.0	0.75	0.6	0.75	0.0	
White-fronted Dipper (<em class="sci">Cinclus cinclus</em>)	0.0	0.0	0.0	0.0	0.0	0.0	0.0	0.0	0.0	0.0	0.0	0.0	0.0	0.07692307692307693	0.14814814814814814	0.14814814814814814	0.0015	0.08571428571428572	0.0	0.13157894736842105	0.01818181818181818	0.0	0.0	0.0	0.0	0.0	0.1111111111111111	0.0	0.0	0.0	0.0	0.0	0.0	0.0	0.0	0.16666666666666666	0.0	0.0	0.0	0.0	0.0	0.0	0.0	0.16666666666666666	0.25	0.2	0.125	0.0	
Goldcrest (<em class="sci">Regulus regulus</em>)	0.0	0.0015	0.0	0.0	0.0	1.0	0.0	0.0	0.0	0.0	0.0	0.0	0.0	0.0	0.07407407407407407	0.07407407407407407	0.037037037037037035	0.02857142857142857	0.0	0.0	0.0	0.0	0.0	0.0	0.0	0.3333333333333333	0.0	0.0	0.0	1.0	0.0	0.2857142857142857	0.0	0.1	0.0	0.16666666666666666	0.14285714285714285	0.0	0.0	0.0	0.0	0.0	0.0	0.0	0.75	0.0	0.25	0.0	
Firecrest (<em class="sci">Regulus ignicapilla</em>)	0.0	0.0	0.0	0.0	0.0015	0.0	0.0	0.0	0.0	0.0	0.0	0.0	0.0	0.05128205128205128	0.2962962962962963	0.07407407407407407	0.14814814814814814	0.3142857142857143	0.3181818181818182	0.23684210526315788	0.12727272727272726	0.16666666666666666	0.3333333333333333	0.0	0.0	0.0015	0.0	0.0	0.0	0.0	0.0	0.14285714285714285	0.0	0.1	0.25	0.3333333333333333	0.14285714285714285	0.0	0.0	0.0	0.0	0.0	0.0	0.0	0.25	0.2	0.125	0.0	
kinglet sp. (<em class="sci">Regulus sp.</em>)	0.0	0.0	0.0	0.0	0.0	0.0	0.0	0.0	0.0	0.0	0.0	0.0	0.0	0.0	0.0	0.1111111111111111	0.0	0.0	0.0	0.0	0.0	0.0	0.0	0.0	0.0	0.0	0.0	0.0	0.0	0.0	0.0	0.0	0.0	0.0	0.0	0.0	0.0	0.0	0.0	0.0	0.0	0.0	0.0	0.0	0.0	0.0	0.0	0.0	
Cetti's Warbler (<em class="sci">Cettia cetti</em>)	0.0	0.0	0.0	0.0	0.0	0.0015	0.0	0.0	0.0	0.0	0.0	0.0	0.0	0.1282051282051282	0.14814814814814814	0.25925925925925924	0.037037037037037035	0.014285714285714285	0.0	0.05263157894736842	0.0	0.0	0.0	0.1	0.07692307692307693	0.0015	0.0	0.0	0.0	0.0	0.0	0.2857142857142857	0.3333333333333333	0.1	0.25	0.0	0.0	0.0	0.0	0.0	0.0	0.0	0.0	0.0	0.0015	0.6	0.625	0.0	
Willow Warbler (<em class="sci">Phylloscopus trochilus</em>)	0.0	0.0	0.0	0.0	0.0	0.0	0.0	0.0	0.0	0.0	0.0	0.0	0.0	0.02564102564102564	0.037037037037037035	0.18518518518518517	0.0015	0.0	0.0	0.0	0.0	0.0	0.0	0.0	0.0	0.0	0.0	0.0	0.0	0.0	0.0	0.0	0.0	0.0	0.0	0.0	0.0	0.0	0.0	0.0	0.0	0.0	0.0	0.0	0.0	0.0	0.0	0.0	
Common Chiffchaff (<em class="sci">Phylloscopus collybita</em>)	0.0	0.125	0.0	0.0	0.25	0.0	0.0	0.0	0.0	0.0	0.0	0.0	0.3333333333333333	0.02564102564102564	0.0	0.0015	0.037037037037037035	0.014285714285714285	0.0	0.02631578947368421	0.01818181818181818	0.0	0.0	0.0	0.0	0.0	0.0	0.0	0.0015	0.0	0.0	0.0	0.0	0.1	0.0	0.0	0.14285714285714285	0.0	0.0	0.0	0.0	0.0	0.0	0.16666666666666666	0.5	0.8	0.5	0.0	
Wood Warbler (<em class="sci">Phylloscopus sibilatrix</em>)	0.0	0.0	0.0	0.0	0.0	0.0	0.0	0.0	0.0	0.0	0.0	0.0	0.0	0.05128205128205128	0.0	0.037037037037037035	0.0015	0.0	0.0	0.0	0.0	0.0	0.0	0.0	0.0	0.0	0.0	0.0	0.0	0.0	0.0	0.0	0.0	0.0	0.0	0.0	0.0	0.0	0.0	0.0	0.0	0.0	0.0	0.0	0.0	0.0	0.0	0.0	
Melodious Warbler (<em class="sci">Hippolais polyglotta</em>)	0.0	0.0	0.0	0.0	0.0	0.0	0.0	0.0	0.0	0.0	0.0	0.0	0.0	0.0	0.0	0.0	0.0	0.0	0.0	0.0	0.0	0.0	0.0	0.0	0.0	0.0015	0.0	0.0	0.0015	0.0	0.0	0.0	0.0	0.0	0.0	0.0	0.0	0.0	0.0	0.0	0.0	0.0	0.0	0.0	0.0	0.0	0.0	0.0	
Moustached Warbler (<em class="sci">Acrocephalus melanopogon</em>)	0.0	0.0	0.0	0.0	0.0	0.0015	0.0	0.0	0.0	0.0	0.0	0.0	0.0	0.0	0.0	0.0	0.0	0.0	0.0	0.0	0.0	0.0	0.0	0.0	0.0	0.0	0.0	0.0	0.0	0.0	0.0	0.0	0.0	0.0	0.0	0.0	0.0	0.0	0.0	0.0	0.0	0.0	0.0	0.0	0.0015	0.0	0.375	0.0	
Sedge Warbler (<em class="sci">Acrocephalus schoenobaenus</em>)	0.0	0.0	0.0	0.0	0.0	0.0	0.0	0.0	0.0	0.0	0.0	0.0	0.0	0.0	0.0	0.037037037037037035	0.0015	0.0	0.0	0.0	0.0	0.0	0.0	0.0	0.0	0.0	0.0	0.0	0.0	0.0	0.0	0.0	0.0	0.0	0.0	0.0	0.0	0.0	0.0	0.0	0.0	0.0	0.0	0.0	0.0	0.0	0.0	0.0	
Eurasian Reed-Warbler (<em class="sci">Acrocephalus scirpaceus</em>)	0.0	0.0	0.0	0.0	0.0	0.0	0.0	0.0	0.0	0.0	0.0	0.0	0.0	0.0	0.0	0.07407407407407407	0.0015	0.0	0.0015	0.0	0.0	0.0015	0.0	0.0	0.07692307692307693	0.0015	0.0	0.0	0.0	0.0	0.0	0.0	0.0	0.0	0.0	0.0	0.0	0.0	0.0	0.0	0.0	0.0	0.0	0.0	0.0	0.0	0.0	0.0	
Great Reed-Warbler (<em class="sci">Acrocephalus arundinaceus</em>)	0.0	0.0	0.0	0.0	0.0	0.0	0.0	0.0	0.0	0.0	0.0	0.0	0.0	0.0	0.0015	0.037037037037037035	0.0015	0.0	0.0	0.0	0.0	0.0	0.0	0.0	0.0	0.0	0.0	0.0	0.0	0.0	0.0	0.0	0.0	0.0	0.0	0.0	0.0	0.0	0.0	0.0	0.0	0.0	0.0	0.0	0.0	0.0	0.0	0.0	
Grasshopper Warbler (<em class="sci">Locustella naevia</em>)	0.0	0.0	0.0	0.0	0.0	0.0	0.0	0.0	0.0	0.0	0.0	0.0	0.0	0.0	0.0	0.0	0.0015	0.0	0.0	0.0	0.0	0.0	0.0	0.0	0.0	0.0	0.0	0.0	0.0	0.0	0.0	0.0	0.0	0.0	0.0	0.0	0.0	0.0	0.0	0.0	0.0	0.0	0.0	0.0	0.0	0.0	0.0	0.0	
Fan-tailed Warbler (<em class="sci">Cisticola juncidis</em>)	0.0	0.125	0.0	0.0	0.0	0.0015	0.0	0.0	0.0	0.0	0.0	0.0	0.0	0.0	0.037037037037037035	0.14814814814814814	0.037037037037037035	0.014285714285714285	0.0015	0.02631578947368421	0.0	0.0	0.0	0.0	0.15384615384615385	0.0015	0.0	0.0	0.0	0.0015	0.0	0.0	0.3333333333333333	0.0	0.0	0.0	0.0	0.0	0.0	0.0	0.0	0.0	0.0	0.16666666666666666	0.0015	0.0	0.375	0.0	
Blackcap (<em class="sci">Sylvia atricapilla</em>)	0.0	0.125	0.0	0.0	0.25	0.0015	0.0	0.0	0.0	0.0	0.0	0.0	0.3333333333333333	0.358974358974359	0.4074074074074074	0.4074074074074074	0.5185185185185185	0.4	0.7272727272727273	0.5	0.43636363636363634	0.25	0.3333333333333333	0.2	0.07692307692307693	0.0015	0.1111111111111111	0.09090909090909091	0.0	0.0	0.0	0.42857142857142855	0.3333333333333333	0.1	0.0	0.16666666666666666	0.14285714285714285	0.0	0.0	0.0	0.0	0.0	0.0	0.0	0.25	0.6	0.375	0.0	
Garden Warbler (<em class="sci">Sylvia borin</em>)	0.0	0.0	0.0	0.0	0.0	0.0	0.0	0.0	0.0	0.0	0.0	0.0	0.0	0.0	0.0	0.0	0.0015	0.0	0.0	0.0	0.0	0.0	0.0	0.0	0.0	0.0	0.0	0.0	0.0	0.0	0.0	0.0	0.0	0.0	0.0	0.0	0.0	0.0	0.0	0.0	0.0	0.0	0.0	0.0	0.0	0.0	0.0	0.0	
Barred Warbler (<em class="sci">Sylvia nisoria</em>)	0.0	0.0	0.0	0.0	0.0	0.0	0.0	0.0	0.0	0.0	0.0	0.0	0.0	0.0	0.0	0.0	0.0	0.0	0.0	0.0	0.0	0.0	0.0	0.0	0.0	0.0	0.0015	0.0	0.0	0.0	0.0	0.0	0.0	0.0	0.0	0.0	0.0	0.0	0.0	0.0	0.0	0.0	0.0	0.0	0.0	0.0	0.0	0.0	
Lesser Whitethroat (<em class="sci">Sylvia curruca</em>)	0.0	0.0	0.0	0.0	0.0	0.0	0.0	0.0	0.0	0.0	0.0	0.0	0.0	0.0	0.0	0.0	0.0015	0.0	0.0	0.0	0.0	0.0	0.0	0.0	0.0	0.0	0.0	0.0	0.0	0.0	0.0	0.0	0.0	0.0	0.0	0.0	0.0	0.0	0.0	0.0	0.0	0.0	0.0	0.0	0.0	0.0	0.0	0.0	
Western Orphean Warbler (<em class="sci">Sylvia hortensis</em>)	0.0	0.0	0.0	0.0	0.0	0.0	0.0	0.0	0.0	0.0	0.0	0.0	0.0	0.0	0.0	0.0	0.0	0.0	0.0	0.0	0.0	0.0	0.0	0.0	0.0	0.0	0.1111111111111111	0.0	0.0	0.0	0.0	0.0	0.0	0.0	0.0	0.0015	0.0	0.0	0.0	0.0	0.0	0.0	0.0	0.0	0.0	0.0	0.0	0.0	
Subalpine Warbler (<em class="sci">Sylvia cantillans</em>)	0.0	0.0	0.0	0.0	0.0	0.0	0.0	0.0	0.0	0.0	0.0	0.0	0.0	0.05128205128205128	0.037037037037037035	0.037037037037037035	0.07407407407407407	0.02857142857142857	0.0	0.0	0.0	0.0	0.0	0.0	0.07692307692307693	0.0015	0.1111111111111111	0.0	0.0015	0.0	0.0	0.14285714285714285	0.3333333333333333	0.0015	0.0	0.0	0.0	0.0	0.0	0.0	0.0	0.0	0.0	0.0	0.0	0.0	0.0	0.0	
Sardinian Warbler (<em class="sci">Sylvia melanocephala</em>)	0.2222222222222222	0.25	0.0	0.0	0.75	0.0	0.0	0.0	0.0	0.0	0.0	0.0	0.3333333333333333	0.1282051282051282	0.2962962962962963	0.25925925925925924	0.2222222222222222	0.04285714285714286	0.0	0.10526315789473684	0.01818181818181818	0.16666666666666666	0.0	0.0	0.3076923076923077	0.0015	0.1111111111111111	0.09090909090909091	0.0015	0.0	0.0	0.42857142857142855	0.3333333333333333	0.4	0.25	0.16666666666666666	0.2857142857142857	0.0	0.0	0.0	0.0	0.0	0.0	0.16666666666666666	0.5	1.0	0.25	0.0	
Whitethroat (<em class="sci">Sylvia communis</em>)	0.0	0.0	0.0	0.0	0.0	0.0	0.0	0.0	0.0	0.0	0.0	0.0	0.0	0.0	0.0	0.07407407407407407	0.0015	0.0	0.045454545454545456	0.0	0.0	0.0	0.0	0.0	0.0	0.0	0.0	0.0	0.0	0.0	0.0	0.0	0.0	0.1	0.0	0.0	0.0	0.0	0.0	0.0	0.0	0.0	0.0	0.0	0.0	0.0	0.0	0.0	
Spectacled Warbler (<em class="sci">Sylvia conspicillata</em>)	0.0	0.0	0.0	0.0	0.0	0.0	0.0	0.0	0.0	0.0	0.0	0.0	0.0	0.0	0.0	0.0	0.0	0.0	0.0	0.02631578947368421	0.0	0.0	0.0	0.0015	0.0	0.0	0.0	0.0	0.0	0.0	0.0	0.0	0.0	0.0	0.0	0.0	0.0	0.0	0.0	0.0	0.0	0.0	0.0	0.0	0.0	0.0	0.0	0.0	
Marmora's Warbler (<em class="sci">Sylvia sarda</em>)	0.0	0.0	0.0	0.0	0.0	0.0	0.0	0.0	0.0	0.0	0.0	0.0	0.0	0.07692307692307693	0.07407407407407407	0.07407407407407407	0.0	0.02857142857142857	0.0	0.0	0.0	0.0	0.0	0.0015	0.07692307692307693	0.0015	0.2222222222222222	0.09090909090909091	0.0015	0.0015	0.0	0.0	0.0015	0.1	0.0	0.0	0.0	0.0	0.0	0.0	0.0	0.0	0.0	0.0	0.0015	0.2	0.0	0.0	
Dartford Warbler (<em class="sci">Sylvia undata</em>)	0.0	0.0	0.0	0.0	0.0	0.0	0.0	0.0	0.0	0.0	0.0	0.0	0.0	0.02564102564102564	0.07407407407407407	0.037037037037037035	0.0015	0.02857142857142857	0.0	0.0	0.01818181818181818	0.0	0.0	0.0	0.07692307692307693	0.0	0.0	0.09090909090909091	0.0	0.0	0.0	0.0	0.0	0.1	0.0	0.0	0.0	0.0	0.0	0.0	0.0	0.0	0.0	0.16666666666666666	0.5	0.2	0.125	0.0	
Sylvia sp. (<em class="sci">Sylvia sp.</em>)	0.0	0.0	0.0	0.0	0.0	0.0	0.0	0.0	0.0	0.0	0.0	0.0	0.0	0.0	0.0	0.07407407407407407	0.0	0.0	0.0	0.0	0.0	0.0015	0.0	0.0	0.0	0.0	0.0	0.0	0.0	0.0	0.0	0.0	0.0	0.0	0.0	0.16666666666666666	0.0	0.0	0.0	0.0	0.0	0.0	0.0	0.0	0.0	0.0	0.0	0.0	
Spotted Flycatcher (<em class="sci">Muscicapa striata</em>)	0.0	0.0	0.0	0.0	0.0	0.0	0.0	0.0	0.0	0.0	0.0	0.0	0.0	0.0	0.037037037037037035	0.0015	0.2222222222222222	0.15714285714285714	0.18181818181818182	0.18421052631578946	0.21818181818181817	0.16666666666666666	0.3333333333333333	0.4	0.23076923076923078	0.3333333333333333	0.2222222222222222	0.36363636363636365	0.5	1.0	0.0	0.5714285714285714	0.0	0.2	0.25	0.0	0.0	0.0	0.0	0.0	0.0	0.0	0.0	0.0	0.0	0.0	0.0	0.0	
Robin (<em class="sci">Erithacus rubecula</em>)	0.2222222222222222	0.5	0.0	0.0	0.75	0.0015	0.0	0.0	0.0	0.0	0.0	0.0	0.0	0.5128205128205128	0.37037037037037035	0.18518518518518517	0.48148148148148145	0.6571428571428571	0.36363636363636365	0.5263157894736842	0.5636363636363636	0.08333333333333333	0.3333333333333333	0.2	0.0	0.3333333333333333	0.0	0.0	0.0	0.0	0.0	0.14285714285714285	0.0	0.1	0.25	0.3333333333333333	0.2857142857142857	0.0	0.0	0.0	0.0015	0.0	0.5	0.8333333333333334	0.5	0.8	0.75	0.0	
Nightingale (<em class="sci">Luscinia megarhynchos</em>)	0.0	0.0	0.0	0.0	0.0	0.0	0.0	0.0	0.0	0.0	0.0	0.0	0.0	0.07692307692307693	0.1111111111111111	0.14814814814814814	0.07407407407407407	0.11428571428571428	0.0	0.02631578947368421	0.03636363636363636	0.08333333333333333	0.0	0.1	0.0	0.0015	0.0015	0.0	0.0	0.0	0.0	0.0	0.0	0.1	0.0	0.0	0.0	0.0	0.0	0.0	0.0	0.0	0.0	0.0	0.0	0.0	0.0	0.0	
Pied Flycatcher (<em class="sci">Ficedula hypoleuca</em>)	0.0	0.0	0.0	0.0	0.0	0.0	0.0	0.0	0.0	1.0	0.0	0.0	0.0	0.02564102564102564	0.07407407407407407	0.037037037037037035	0.037037037037037035	0.0	0.0	0.0	0.0	0.0	0.0	0.0	0.0	0.0	0.0	0.0	0.0	0.0	0.0	0.0	0.0	0.0	0.0	0.0	0.0	0.0	0.0	0.0	0.0	0.0	0.0	0.0	0.0	0.0	0.0	0.0	
Collared Flycatcher (<em class="sci">Ficedula albicollis</em>)	0.0	0.0	0.0	0.0	0.0	0.0	0.0	0.0	0.0	0.0	0.0	0.0	0.0	0.0	0.0	0.0	0.0015	0.0	0.0	0.0	0.0	0.0	0.0	0.0	0.0	0.0	0.0	0.0	0.0	0.0	0.0	0.0	0.0	0.0	0.0	0.0	0.0	0.0	0.0	0.0	0.0	0.0	0.0	0.0	0.0	0.0	0.0	0.0	
Redstart (<em class="sci">Phoenicurus phoenicurus</em>)	0.0	0.0	0.0	0.0	0.0	0.0	0.0	0.0	0.0	0.0	0.0	0.0	0.0	0.0	0.0015	0.1111111111111111	0.0015	0.0	0.0	0.0	0.0	0.0	0.0	0.0	0.0	0.0	0.0	0.0	0.0	0.0	0.0	0.0	0.0	0.0	0.0	0.0	0.0	0.0	0.0	0.0	0.0	0.0	0.0	0.0	0.0	0.0	0.0	0.0	
Black Redstart (<em class="sci">Phoenicurus ochruros</em>)	0.1111111111111111	0.125	0.0	0.0	0.75	0.0	0.0	0.0	0.0	0.0	0.0	0.0	0.0	0.0	0.0015	0.0	0.0	0.0	0.0	0.0	0.0	0.0	0.0	0.0	0.0	0.0	0.0	0.0	0.0	0.0	0.0	0.0	0.0	0.0	0.0	0.0	0.0	0.0	0.0	0.0	0.0	0.0	0.0	0.5	0.0015	0.0	0.0	0.0	
Rufous-tailed Rock-Thrush (<em class="sci">Monticola saxatilis</em>)	0.0	0.0	0.0	0.0	0.0	0.0	0.0	0.0	0.0	0.0	0.0	0.0	0.0	0.0	0.0	0.0	0.037037037037037035	0.0	0.0	0.0	0.0	0.0	0.0	0.0	0.0	0.0	0.0	0.0	0.0	0.0	0.0	0.0	0.0	0.0	0.0	0.0	0.0	0.0	0.0	0.0	0.0	0.0	0.0	0.0	0.0	0.0	0.0	0.0	
Blue Rock-Thrush (<em class="sci">Monticola solitarius</em>)	0.0	0.0	0.0	0.0	0.0	0.0	0.0	0.0	0.0	0.0	0.0	0.0	0.0	0.05128205128205128	0.037037037037037035	0.1111111111111111	0.037037037037037035	0.0	0.0	0.0	0.0	0.0	0.0015	0.1	0.0	0.0	0.2222222222222222	0.0	0.0	0.0	0.0	0.14285714285714285	0.0	0.0015	0.0	0.3333333333333333	0.0	0.0	0.0	0.0	0.0	0.0	0.0	0.0	0.0015	0.0	0.0	0.0	
Whinchat (<em class="sci">Saxicola rubetra</em>)	0.0	0.0	0.0	0.0	0.0	0.0	0.0	0.0	0.0	0.0	0.0	0.0	0.0	0.0	0.07407407407407407	0.2222222222222222	0.1111111111111111	0.0	0.0	0.0	0.0	0.0	0.0	0.0	0.0	0.0	0.0	0.0	0.0	0.0	0.0	0.0	0.0	0.1	0.0	0.0	0.0	0.0	0.0	0.0	0.0	0.0	0.0	0.0	0.0	0.0	0.0	0.0	
Stonechat (<em class="sci">Saxicola rubicola</em>)	0.0	0.125	0.0	0.0	0.5	0.0015	0.0	0.0	0.0	0.0	0.0	0.0	0.0	0.07692307692307693	0.2222222222222222	0.2962962962962963	0.07407407407407407	0.014285714285714285	0.0	0.02631578947368421	0.01818181818181818	0.08333333333333333	0.0	0.1	0.0	0.3333333333333333	0.1111111111111111	0.09090909090909091	0.0	0.0015	0.0	0.0	0.3333333333333333	0.1	0.0	0.0	0.14285714285714285	0.0	0.0	0.0	0.0	0.0	0.0	0.0	0.5	1.0	0.75	0.0	
Wheatear (<em class="sci">Oenanthe oenanthe</em>)	0.0	0.0	0.0	0.0	0.0	0.0	0.0	0.0	0.0	0.0	0.0	0.0	0.0	0.02564102564102564	0.0015	0.07407407407407407	0.07407407407407407	0.0	0.0	0.02631578947368421	0.0	0.0	0.0	0.0	0.0	0.0015	0.0	0.0015	0.0	0.0	0.0	0.0	0.3333333333333333	0.0	0.25	0.0	0.0	0.0	0.0	0.0	0.0	0.0	0.0	0.0	0.0	0.0	0.0	0.0	
Blackbird (<em class="sci">Turdus merula</em>)	0.1111111111111111	0.25	0.0	0.0	0.5	0.0015	0.0	0.0	0.0	0.0	0.0	0.0	0.6666666666666666	0.358974358974359	0.3333333333333333	0.4444444444444444	0.7037037037037037	0.3142857142857143	0.8181818181818182	0.34210526315789475	0.509090909090909	0.3333333333333333	0.0	0.1	0.15384615384615385	0.6666666666666666	0.0	0.18181818181818182	0.5	1.0	0.0	0.14285714285714285	0.0015	0.2	0.75	0.3333333333333333	0.0	0.0	0.0	0.0	0.0	0.0	0.0	0.16666666666666666	0.25	0.6	0.5	0.0	
Redwing (<em class="sci">Turdus iliacus</em>)	0.0	0.0	0.0	0.0	0.0	0.0	0.0	0.0	0.0	0.0	0.0	0.0	0.0	0.0	0.0	0.0	0.0	0.0	0.0	0.0	0.0	0.0	0.0	0.0	0.0	0.0	0.0	0.0	0.0	0.0	0.0	0.0	0.0	0.0	0.0	0.0	0.0	0.0	0.0	0.0	0.0	0.0	0.0	0.0	0.0015	0.0	0.0	0.0	
Song Thrush (<em class="sci">Turdus philomelos</em>)	0.0	0.125	0.0	0.0	0.5	0.0	0.0	0.0	0.5	0.0	0.0	0.0	0.0	0.0	0.0	0.0	0.0	0.0	0.045454545454545456	0.0	0.0	0.0	0.0	0.0	0.0	0.0	0.0	0.0	0.0	0.0	0.0	0.0	0.0	0.0	0.0	0.0	0.0	0.0	0.0	0.0	0.0	0.0	0.0	0.0	0.5	1.0	0.5	0.0	
Mistle Thrush (<em class="sci">Turdus viscivorus</em>)	0.0	0.125	0.0	0.0	0.0	0.0	0.0	0.0	0.0	0.0	0.0	0.0	0.0	0.05128205128205128	0.25925925925925924	0.1111111111111111	0.2222222222222222	0.1	0.09090909090909091	0.02631578947368421	0.01818181818181818	0.08333333333333333	0.0	0.1	0.0	0.0	0.1111111111111111	0.0	0.0	1.0	0.0	0.0	0.0	0.0	0.0	0.16666666666666666	0.0	0.0	0.0	0.0	0.0	0.0	0.0	0.0	0.5	0.4	0.5	0.0	
Starling (<em class="sci">Sturnus vulgaris</em>)	0.0	0.0	0.0	0.0	0.0015	0.0	0.0	0.0	0.0	0.0	0.0	0.0	0.0	0.02564102564102564	0.0	0.037037037037037035	0.0	0.0	0.045454545454545456	0.0	0.0	0.0015	0.0	0.0	0.0	0.3333333333333333	0.0	0.0	0.0	0.0	0.0	0.0015	0.0	0.1	0.0	0.0	0.0	0.0	0.0	0.0	0.0	0.0	0.0	0.0	0.0	0.2	0.25	0.0	
Spotless Starling (<em class="sci">Sturnus unicolor</em>)	0.0	0.125	0.0	0.0	0.0015	0.0	0.0	0.0	0.0	0.0	0.0	0.0	0.0	0.10256410256410256	0.2222222222222222	0.14814814814814814	0.18518518518518517	0.04285714285714286	0.045454545454545456	0.10526315789473684	0.05454545454545454	0.3333333333333333	0.0	0.1	0.38461538461538464	0.3333333333333333	0.1111111111111111	0.18181818181818182	0.0	0.0	0.0	0.0	0.3333333333333333	0.2	0.25	0.16666666666666666	0.0	0.0	0.0	0.0	0.0	0.0	0.0	0.16666666666666666	0.0	0.0	0.25	0.0	
European/Spotless Starling (<em class="sci">Sturnus vulgaris/unicolor</em>)	0.0	0.0	0.0	0.0	0.25	0.0015	0.0	0.0	0.0	0.0	0.0	0.0	0.0	0.0	0.0	0.0	0.0	0.0	0.0	0.0	0.0	0.0	0.0	0.0	0.0	0.0	0.0	0.0	0.0	0.0	0.0	0.0	0.0	0.0	0.0	0.0	0.0	0.0	0.0	0.0	0.0	0.0	0.0	0.0	0.0	0.0	0.0	0.0	
Alpine Accentor (<em class="sci">Prunella collaris</em>)	0.0	0.0	0.0	0.0	0.0	0.0	0.0	0.0	0.0	0.0	0.0	0.0	0.0	0.0	0.0	0.0	0.0	0.0	0.0	0.0	0.0	0.0	0.0	0.0	0.0	0.0	0.1111111111111111	0.0	0.0	0.0	0.0	0.14285714285714285	0.0	0.0	0.0	0.16666666666666666	0.0	0.0	0.0	0.0	0.0	0.0	0.0	0.0	0.25	0.0015	0.0	0.0	
Dunnock (<em class="sci">Prunella modularis</em>)	0.0	0.0	0.0	0.0	0.25	0.0	0.0	0.0	0.0	0.0	0.0	0.0	0.0	0.0	0.0	0.0	0.0	0.0	0.0	0.0	0.0	0.0	0.0	0.0	0.0	0.0	0.0	0.0	0.0	0.0	0.0	0.0	0.0	0.0	0.0	0.0	0.0	0.0	0.0	0.0	0.0	0.0	0.0	0.0	0.5	0.4	0.375	0.0	
Western Yellow Wagtail (<em class="sci">Motacilla flava</em>)	0.0	0.0	0.0	0.0	0.0	0.0	0.0	0.0	0.0	0.0	0.0	0.0	0.0	0.02564102564102564	0.07407407407407407	0.2962962962962963	0.037037037037037035	0.0	0.0	0.0	0.0	0.0	0.0	0.0	0.0	0.0015	0.0	0.0	0.0	0.0	0.0	0.0	0.3333333333333333	0.0	0.25	0.0	0.0	0.0	0.0	0.0	0.0	0.0	0.0	0.0	0.0	0.0	0.0	0.0	
Grey Wagtail (<em class="sci">Motacilla cinerea</em>)	0.0	0.0	0.0	0.0	0.25	0.0015	0.0	0.0	0.0	0.0	0.0	0.0	0.0	0.1794871794871795	0.25925925925925924	0.14814814814814814	0.18518518518518517	0.18571428571428572	0.22727272727272727	0.13157894736842105	0.12727272727272726	0.0	0.0	0.1	0.0	0.3333333333333333	0.1111111111111111	0.09090909090909091	0.0	0.0	0.0	0.2857142857142857	0.0015	0.2	0.0	0.16666666666666666	0.2857142857142857	0.0	0.0	0.0	0.0	0.0	0.0	0.16666666666666666	0.25	0.8	0.75	0.0	
White/Pied Wagtail (<em class="sci">Motacilla alba</em>)	0.0	0.125	0.0	0.0	0.75	0.0015	0.0	0.0	0.0	0.0	0.0	0.0	0.0	0.0	0.0	0.0	0.037037037037037035	0.0015	0.0	0.0	0.0	0.0	0.0	0.0	0.0	0.0	0.0	0.0	0.0	0.0	0.0	0.0	0.0	0.0	0.0	0.0	0.0	0.0	0.0	0.0	0.0	0.0	0.0	0.0	0.0015	0.8	0.5	0.0	
wagtail sp. (<em class="sci">Motacilla sp.</em>)	0.0	0.0	0.0	0.0	0.0	0.0	0.0	0.0	0.0	0.0	0.0	0.0	0.0	0.0	0.0	0.0	0.0	0.0	0.0	0.0	0.0	0.0	0.0	0.0015	0.0	0.0	0.0	0.0	0.0	0.0	0.0	0.0	0.0	0.0	0.0	0.0	0.0	0.0	0.0	0.0	0.0	0.0	0.0	0.0	0.0	0.0	0.0	0.0	
Tawny Pipit (<em class="sci">Anthus campestris</em>)	0.0	0.0	0.0	0.0	0.0	0.0	0.0	0.0	0.0	0.0	0.0	0.0	0.0	0.02564102564102564	0.1111111111111111	0.037037037037037035	0.037037037037037035	0.0015	0.0	0.0	0.0	0.0	0.0	0.0	0.0	0.0015	0.0	0.0	0.0	0.0015	0.0	0.0	0.3333333333333333	0.0	0.25	0.0	0.0	0.0	0.0	0.0	0.0	0.0	0.0	0.0	0.0	0.0	0.0	0.0	
Meadow Pipit (<em class="sci">Anthus pratensis</em>)	0.0	0.0	0.0	0.0	0.0	0.0	0.0	0.0	0.0	0.0	0.0	0.0	0.0	0.0	0.0	0.0	0.0	0.0	0.0	0.0	0.0	0.0	0.0	0.0	0.0	0.0	0.0	0.0	0.0	0.0	0.0	0.0	0.0	0.0	0.0	0.0	0.0	0.0	0.0	0.0	0.0	0.0	0.0	0.0	0.0	1.0	0.75	0.0	
Tree Pipit (<em class="sci">Anthus trivialis</em>)	0.0	0.0	0.0	0.0	0.0	0.0	0.0	0.0	0.0	0.0	0.0	0.0	0.0	0.02564102564102564	0.07407407407407407	0.14814814814814814	0.0015	0.0	0.0	0.0	0.0	0.0	0.0	0.0	0.0	0.0	0.0	0.0	0.0	0.0	0.0	0.0	0.0	0.0	0.0	0.0	0.0	0.0	0.0	0.0	0.0	0.0	0.0	0.0	0.0	0.0	0.0	0.0	
Water Pipit (<em class="sci">Anthus spinoletta</em>)	0.0	0.0	0.0	0.0	0.0	0.0	0.0	0.0	0.0	0.0	0.0	0.0	0.0	0.0	0.1111111111111111	0.037037037037037035	0.0015	0.0	0.0	0.02631578947368421	0.0	0.0	0.0	0.0	0.0	0.0	0.0	0.0	0.0	0.0	0.0	0.14285714285714285	0.0	0.1	0.0	0.0	0.0	0.0	0.0	0.0	0.0	0.0	0.0	0.0	0.0	0.0	0.0	0.0	
pipit sp. (<em class="sci">Anthus sp.</em>)	0.0	0.0	0.0	0.0	0.0	0.0	0.0	0.0	0.0	0.0	0.0	0.0	0.0	0.0	0.0	0.07407407407407407	0.0	0.0	0.0	0.0	0.0	0.0	0.0	0.0	0.0	0.0	0.0	0.0	0.0	0.0	0.0	0.0	0.0	0.0	0.0	0.0	0.0	0.0	0.0	0.0	0.0	0.0	0.0	0.0	0.0	0.0	0.0	0.0	
Cirl Bunting (<em class="sci">Emberiza cirlus</em>)	0.0	0.0	0.0	0.0	0.0015	0.0	0.0	0.0	0.0	0.0	0.0	0.0	0.3333333333333333	0.1282051282051282	0.2962962962962963	0.3333333333333333	0.2962962962962963	0.11428571428571428	0.13636363636363635	0.02631578947368421	0.18181818181818182	0.25	0.3333333333333333	0.2	0.3076923076923077	0.3333333333333333	0.2222222222222222	0.09090909090909091	0.0	0.0015	0.0	0.2857142857142857	0.0	0.4	0.25	0.0	0.14285714285714285	0.0	0.0	0.0	0.0	0.0	0.0	0.16666666666666666	0.25	0.4	0.75	0.0	
Rock Bunting (<em class="sci">Emberiza cia</em>)	0.0	0.0	0.0	0.0	0.0	0.0	0.0	0.0	0.0	0.0	0.0	0.0	0.0	0.02564102564102564	0.0	0.037037037037037035	0.0	0.0	0.0	0.0	0.0	0.0	0.0	0.0	0.0	0.0	0.0	0.0	0.0	0.0	0.0	0.0	0.0	0.0	0.0	0.0	0.0	0.0	0.0	0.0	0.0	0.0	0.0	0.0	0.0	0.0	0.0	0.0	
Ortolan Bunting (<em class="sci">Emberiza hortulana</em>)	0.0	0.0	0.0	0.0	0.0	0.0	0.0	0.0	0.0	0.0	0.0	0.0	0.0	0.0	0.0	0.037037037037037035	0.0	0.0	0.0	0.0	0.0	0.0	0.0	0.0	0.0	0.0	0.0	0.0	0.0	0.0	0.0	0.0	0.0	0.0	0.0	0.0	0.0	0.0	0.0	0.0	0.0	0.0	0.0	0.0	0.0	0.0	0.0	0.0	
Reed Bunting (<em class="sci">Emberiza schoeniclus</em>)	0.0	0.0	0.0	0.0	0.0	0.0	0.0	0.0	0.0	0.0	0.0	0.0	0.0	0.0	0.0	0.037037037037037035	0.0	0.0	0.0	0.0	0.0	0.0	0.0	0.0	0.0	0.0	0.0	0.0	0.0	0.0	0.0	0.0	0.0	0.0	0.25	0.0	0.0	0.0	0.0	0.0	0.0	0.0	0.0	0.0	0.0	0.2	0.5	0.0	
Corn Bunting (<em class="sci">Emberiza calandra</em>)	0.0	0.0015	0.0	0.0	0.0	0.0	0.0	0.0	0.0	0.0	0.0	0.0	0.0	0.07692307692307693	0.18518518518518517	0.2222222222222222	0.037037037037037035	0.0	0.0	0.02631578947368421	0.01818181818181818	0.0	0.0	0.0	0.0	0.0	0.0	0.0	0.0	0.0015	0.0	0.0	0.3333333333333333	0.0015	0.0	0.0	0.0	0.0	0.0	0.0	0.0	0.0	0.0	0.0	0.0	0.2	0.625	0.0	
Emberiza sp. (<em class="sci">Emberiza sp.</em>)	0.0	0.0	0.0	0.0	0.0	0.0	0.0	0.0	0.0	0.0	0.0	0.0	0.0	0.0	0.0	0.037037037037037035	0.0	0.0	0.0	0.0	0.0	0.0	0.0	0.0	0.0	0.0	0.0	0.0	0.0	0.0	0.0	0.0	0.0	0.0	0.0	0.0	0.0	0.0	0.0	0.0	0.0	0.0	0.0	0.0	0.0	0.0	0.0	0.0	
Chaffinch (<em class="sci">Fringilla coelebs</em>)	0.2222222222222222	0.375	0.0	0.0	0.5	1.0	0.0	0.0	0.0	0.0	0.0	0.0	0.0	0.48717948717948717	0.48148148148148145	0.5555555555555556	0.5925925925925926	0.5857142857142857	0.5454545454545454	0.5789473684210527	0.6909090909090909	0.25	0.3333333333333333	0.6	0.23076923076923078	0.6666666666666666	0.1111111111111111	0.09090909090909091	0.0	1.0	0.0	0.42857142857142855	0.0015	0.7	0.5	0.6666666666666666	0.14285714285714285	0.0	0.0	0.0	0.0	0.0	0.5	0.0	0.75	0.6	0.75	0.0	
Greenfinch (<em class="sci">Chloris chloris</em>)	0.1111111111111111	0.125	0.0	0.0	0.5	0.0	0.0	0.0	0.0	0.0	0.0	0.0	0.6666666666666666	0.28205128205128205	0.3333333333333333	0.14814814814814814	0.4074074074074074	0.12857142857142856	0.09090909090909091	0.15789473684210525	0.07272727272727272	0.16666666666666666	0.0015	0.2	0.07692307692307693	0.3333333333333333	0.0	0.09090909090909091	0.0	0.0015	0.0	0.0	0.0	0.5	0.25	0.16666666666666666	0.0	0.0	0.0	0.0	0.0	0.0	0.0	0.0	0.5	0.6	0.625	0.0	
Crossbill (<em class="sci">Loxia curvirostra</em>)	0.0	0.125	0.0	0.0	0.0	0.0	0.0	0.0	0.0	0.0	0.0	0.0	0.0	0.02564102564102564	0.07407407407407407	0.07407407407407407	0.037037037037037035	0.0015	0.0	0.0	0.03636363636363636	0.0	0.0	0.2	0.07692307692307693	0.3333333333333333	0.2222222222222222	0.09090909090909091	0.0	0.0	0.0	0.14285714285714285	0.0	0.0015	0.0	0.0	0.0	0.0	0.0	0.0	0.0	0.0	0.0	0.0	0.5	0.0	0.0	0.0	
Siskin (<em class="sci">Spinus spinus</em>)	0.0	0.125	0.0	0.0	0.0	0.0	0.0	0.0	0.0	0.0	0.0	0.0	0.0	0.07692307692307693	0.0	0.0015	0.0	0.0	0.0	0.02631578947368421	0.0	0.0	0.0	0.1	0.0	0.3333333333333333	0.0015	0.0	0.0	0.0	0.0	0.14285714285714285	0.0	0.0	0.0	0.0	0.0	0.0	0.0	0.0	0.0	0.0	0.0	0.0	0.0	0.2	0.125	0.0	
Goldfinch (<em class="sci">Carduelis carduelis</em>)	0.1111111111111111	0.125	0.0	0.0	0.0015	0.0	0.0	0.0	0.0	0.0	0.0	0.0	0.3333333333333333	0.23076923076923078	0.4444444444444444	0.37037037037037035	0.4074074074074074	0.12857142857142856	0.09090909090909091	0.18421052631578946	0.14545454545454545	0.16666666666666666	0.3333333333333333	0.2	0.07692307692307693	0.6666666666666666	0.0	0.18181818181818182	0.0	1.0	0.0	0.14285714285714285	0.3333333333333333	0.1	0.0015	0.0	0.0	0.0	0.0	0.0	0.0	0.0	0.0	0.0	0.5	0.6	0.75	0.0	
Linnet (<em class="sci">Carduelis cannabina</em>)	0.0	0.0	0.0	0.0	0.25	0.0	0.0	0.0	0.0	0.0	0.0	0.0	0.0	0.05128205128205128	0.1111111111111111	0.18518518518518517	0.037037037037037035	0.02857142857142857	0.0	0.02631578947368421	0.01818181818181818	0.0	0.0	0.0	0.0	0.0	0.0	0.0	0.0	0.0015	0.0	0.0	0.0	0.1	0.0	0.0	0.0	0.0	0.0	0.0	0.0	0.0	0.0	0.0	0.0	0.4	0.625	0.0	
Citril Finch (<em class="sci">Serinus citrinella</em>)	0.0	0.0	0.0	0.0	0.0015	1.0	0.0	0.0	0.0	0.0	0.0	0.0	0.0	0.0	0.0	0.0	0.0	0.0	0.0	0.0	0.0	0.0015	0.0	0.0	0.0	0.0	0.0	0.0	0.0	0.0	0.0	0.0	0.0	0.0	0.0	0.0	0.0	0.0	0.0	0.0	0.0	0.0	0.0	0.0	0.0	0.0	0.0	0.0	
Corsican Finch (<em class="sci">Serinus corsicanus</em>)	0.0	0.125	0.0	0.0	0.0	0.0	0.0	0.0	0.0	0.0	0.0	0.0	0.3333333333333333	0.10256410256410256	0.37037037037037035	0.3333333333333333	0.1111111111111111	0.08571428571428572	0.045454545454545456	0.02631578947368421	0.01818181818181818	0.08333333333333333	0.0	0.2	0.15384615384615385	0.3333333333333333	0.2222222222222222	0.09090909090909091	0.5	0.0015	0.0	0.42857142857142855	0.0	0.3	0.0	0.3333333333333333	0.0	0.0	0.0	0.0	0.0	0.0	0.0	0.0	0.25	0.6	0.0	0.0	
Serin (<em class="sci">Serinus serinus</em>)	0.0	0.125	0.0	0.0	0.0015	0.0	0.0	0.0	0.0	0.0	0.0	0.0	0.0	0.07692307692307693	0.37037037037037035	0.3333333333333333	0.3333333333333333	0.07142857142857142	0.09090909090909091	0.13157894736842105	0.01818181818181818	0.0015	0.3333333333333333	0.3	0.15384615384615385	0.3333333333333333	0.0	0.0	0.0	1.0	0.0	0.0015	0.0	0.1	0.0	0.0	0.0	0.0	0.0	0.0	0.0	0.0	0.0	0.16666666666666666	0.5	0.4	0.125	0.0	
Hawfinch (<em class="sci">Coccothraustes coccothraustes</em>)	0.0	0.0	0.0	0.0	0.0	0.0	0.0	0.0	0.0	0.0	0.0	0.0	0.0	0.0	0.037037037037037035	0.0	0.0	0.0	0.0	0.0	0.0	0.0	0.0	0.0	0.0	0.3333333333333333	0.0	0.0	0.0	0.0	0.0	0.0	0.0	0.0	0.0	0.0	0.0	0.0	0.0	0.0	0.0	0.0	0.0	0.0	0.0	0.0	0.0	0.0	
House Sparrow (<em class="sci">Passer domesticus</em>)	0.0	0.0	0.0	0.0	0.25	0.0	0.0	0.0	0.0	0.0	0.0	0.0	0.0	0.0	0.0	0.0	0.0	0.0	0.045454545454545456	0.0	0.0	0.08333333333333333	0.0	0.0	0.07692307692307693	0.0	0.0	0.0	0.0	1.0	0.0	0.0	0.0	0.0	0.5	0.16666666666666666	0.0	0.0	0.0	0.0	0.0	0.0	0.0	0.0	0.0	0.0	0.0	0.0	
Italian Sparrow (<em class="sci">Passer italiae</em>)	0.1111111111111111	0.125	0.0	0.0	0.5	0.0	0.0	0.0	0.0	0.0	0.0	0.0	0.0	0.28205128205128205	0.25925925925925924	0.3333333333333333	0.4074074074074074	0.11428571428571428	0.18181818181818182	0.18421052631578946	0.10909090909090909	0.3333333333333333	0.3333333333333333	0.1	0.15384615384615385	0.3333333333333333	0.0015	0.09090909090909091	0.5	0.0	0.0	0.0	0.3333333333333333	0.5	0.0015	0.0	0.0	0.0	0.0	0.0	0.0	0.0	0.0	0.0	0.25	0.4	0.5	0.0	
House/Italian Sparrow (<em class="sci">Passer domesticus/italiae</em>)	0.0	0.0	0.0	0.0	0.25	0.0	0.0	0.0	0.0	0.0	0.0	0.0	0.0	0.02564102564102564	0.0	0.0	0.0	0.0	0.0	0.0	0.0	0.0	0.0	0.0	0.0	0.0	0.0	0.0	0.0	0.0015	0.0	0.0	0.0	0.1	0.0	0.0	0.0	0.0	0.0	0.0	0.0	0.0	0.0	0.0	0.0	0.0	0.0	0.0	
Tree Sparrow (<em class="sci">Passer montanus</em>)	0.0	0.0	0.0	0.0	0.0	0.0	0.0	0.0	0.0	0.0	0.0	0.0	0.0	0.02564102564102564	0.0015	0.037037037037037035	0.07407407407407407	0.014285714285714285	0.045454545454545456	0.0	0.0	0.0	0.0	0.0	0.0	0.0	0.0	0.0	0.0	0.0	0.0	0.0	0.0015	0.0	0.0	0.0	0.42857142857142855	0.0	0.0	0.0	0.0	0.0	0.0	0.3333333333333333	0.0	0.0	0.375	0.0	
Rock Sparrow (<em class="sci">Petronia petronia</em>)	0.0	0.0	0.0	0.0	0.0	0.0	0.0	0.0	0.0	0.0	0.0	0.0	0.0	0.0	0.0	0.0015	0.0	0.0	0.0	0.0	0.0	0.0	0.0	0.0	0.0	0.0015	0.0	0.0	0.0	0.0	0.0	0.0	0.0	0.0	0.0	0.0	0.0	0.0	0.0	0.0	0.0	0.0	0.0	0.16666666666666666	0.25	0.0	0.0	0.0	
passerine sp. (<em class="sci">Passeriformes sp.</em>)	0.0	0.0	0.0	0.0	0.0	0.0	0.0	0.0	0.0	0.0	0.0	0.0	0.0	0.0	0.0	0.0	0.0	0.0	0.0	0.0	0.0	0.0	0.0	0.0	0.0	0.0	0.0	0.0	0.0	0.0	0.0	0.14285714285714285	0.0	0.0	0.0	0.0	0.2857142857142857	0.0	0.0	0.0	0.0	0.0	0.0	0.0	0.0	0.0	0.0	0.0	

