








Frequency of observations in the selected location(s).:
Number of taxa: 	251

	Jan				Feb				Mar				Apr				May				Jun				Jul				Aug				Sep				Oct				Nov				Dec				
Sample Size:	15.0	1.0	7.0	18.0	28.0	1.0	2.0	5.0	6.0	3.0	5.0	11.0	9.0	5.0	6.0	4.0	3.0	12.0	5.0	4.0	6.0	16.0	3.0	4.0	12.0	8.0	9.0	4.0	7.0	0.0	2.0	9.0	6.0	11.0	6.0	4.0	3.0	4.0	3.0	6.0	7.0	4.0	2.0	1.0	1.0	4.0	1.0	18.0	

Tundra Bean-Goose (<em class="sci">Anser serrirostris</em>)	0.0	0.0	0.0	0.0	0.0	0.0	0.0015	0.0	0.0	0.0	0.0	0.0	0.0	0.0	0.0	0.0	0.0	0.0	0.0	0.0	0.0	0.0	0.0	0.0	0.0	0.0	0.0	0.0	0.0	0.0	0.0	0.0	0.0	0.0	0.0	0.0	0.0	0.0	0.0	0.0	0.0	0.0	0.0	0.0	0.0	0.0	0.0	0.0	
Greater White-fronted Goose (<em class="sci">Anser albifrons</em>)	0.0	0.0	0.0	0.0015	0.0	0.0	0.0015	0.0	0.0	0.0	0.0	0.0	0.0	0.0	0.0	0.0	0.0	0.0	0.0	0.0	0.0	0.0	0.0	0.0	0.0	0.0	0.0	0.0	0.0	0.0	0.0	0.0	0.0	0.0	0.0	0.0	0.0	0.0	0.0	0.0	0.0	0.0	0.0	0.0	0.0	0.0	0.0	0.0	
Greylag Goose (<em class="sci">Anser anser</em>)	0.06666666666666667	0.0	0.14285714285714285	0.05555555555555555	0.14285714285714285	0.0	0.0015	0.0	0.16666666666666666	0.3333333333333333	0.0	0.2727272727272727	0.1111111111111111	0.2	0.0	0.0	0.0	0.08333333333333333	0.0	0.0	0.16666666666666666	0.0625	0.0	0.25	0.0	0.0	0.0	0.25	0.0	0.0	0.0	0.0	0.0	0.0	0.16666666666666666	0.0	0.0	0.0	0.0	0.16666666666666666	0.14285714285714285	0.25	0.0	0.0	0.0	0.5	0.0	0.05555555555555555	
Barnacle Goose (<em class="sci">Branta leucopsis</em>)	0.0	0.0	0.0	0.0	0.0	0.0	0.0015	0.0	0.0	0.0	0.0	0.0	0.0	0.0	0.0	0.0	0.0	0.0	0.0	0.0	0.0	0.0	0.0	0.0	0.0	0.0	0.0	0.0	0.0	0.0	0.0	0.0	0.0	0.0	0.0	0.0	0.0	0.0	0.0	0.0	0.0	0.0	0.0	1.0	0.0	0.0	0.0	0.0	
Canada Goose (<em class="sci">Branta canadensis</em>)	0.0	0.0	0.0	0.05555555555555555	0.03571428571428571	0.0	0.0	0.0	0.16666666666666666	0.0	0.0	0.09090909090909091	0.0	0.0	0.0	0.0	0.0	0.0	0.0	0.0	0.0	0.0	0.0	0.0	0.0	0.0	0.0	0.25	0.0	0.0	0.0	0.0	0.0	0.0	0.0	0.0	0.0	0.0	0.0	0.0	0.0	0.0	0.0	0.0	0.0	0.0	0.0	0.0	
Mute Swan (<em class="sci">Cygnus olor</em>)	0.5333333333333333	1.0	0.42857142857142855	0.3888888888888889	0.5	1.0	0.5	0.4	0.16666666666666666	1.0	0.4	0.5454545454545454	0.5555555555555556	0.4	0.16666666666666666	0.5	0.6666666666666666	0.4166666666666667	0.4	0.5	0.16666666666666666	0.25	0.0015	1.0	0.5	0.25	0.3333333333333333	0.75	0.42857142857142855	0.0015	0.5	0.0	0.0	0.09090909090909091	0.3333333333333333	0.5	0.0	0.25	0.0015	0.5	0.5714285714285714	0.5	0.5	0.0	0.0	0.5	0.0	0.5555555555555556	
Tundra Swan (<em class="sci">Cygnus columbianus</em>)	0.0	0.0	0.0	0.05555555555555555	0.0	0.0	0.0	0.0	0.0	0.0	0.0	0.0	0.0	0.0	0.0	0.0	0.0	0.0	0.0	0.0	0.0	0.0	0.0	0.0	0.0	0.0	0.0	0.0	0.0	0.0	0.0	0.0	0.0	0.0	0.0	0.0	0.0	0.0	0.0	0.0	0.0	0.0	0.0	0.0	0.0	0.0	0.0	0.0	
Whooper Swan (<em class="sci">Cygnus cygnus</em>)	0.06666666666666667	0.0	0.14285714285714285	0.0015	0.03571428571428571	0.0	0.0	0.0	0.0	0.0	0.0	0.0	0.0	0.0	0.0	0.0	0.0	0.0	0.0	0.0	0.0	0.0	0.0	0.0	0.0	0.0	0.0	0.0	0.0	0.0	0.0	0.0	0.0	0.0	0.0	0.0	0.0	0.0	0.0	0.0	0.0	0.0	0.0	0.0	0.0	0.0	0.0	0.0	
Egyptian Goose (<em class="sci">Alopochen aegyptiaca</em>)	0.26666666666666666	0.0	0.42857142857142855	0.3333333333333333	0.17857142857142858	0.0	0.0	0.0	0.0	0.0	0.2	0.09090909090909091	0.0	0.2	0.0015	0.0	0.0	0.0	0.0	0.0	0.0	0.125	0.0	0.25	0.16666666666666666	0.0	0.0	0.25	0.14285714285714285	0.0	0.0015	0.0	0.0	0.0	0.0	0.0	0.0	0.0	0.3333333333333333	0.16666666666666666	0.2857142857142857	0.0	0.0	0.0	0.0	0.0	0.0	0.16666666666666666	
Ruddy Shelduck (<em class="sci">Tadorna ferruginea</em>)	0.0	0.0	0.0	0.05555555555555555	0.0	0.0	0.0	0.0	0.0	0.0	0.0	0.0	0.0	0.2	0.0	0.0	0.0	0.0	0.0	0.0	0.0	0.0	0.0	0.75	0.0	0.0	0.0	0.0	0.0	0.0	0.0015	0.0	0.0	0.0	0.0	0.0	0.0	0.0	0.3333333333333333	0.16666666666666666	0.0	0.0	0.0	0.0	0.0	0.0	0.0	0.0	
Common Shelduck (<em class="sci">Tadorna tadorna</em>)	0.0	0.0	0.0015	0.0	0.0	0.0	0.0	0.0	0.16666666666666666	0.0	0.0	0.09090909090909091	0.0	0.0	0.0	0.0	0.0	0.0	0.0	0.0	0.0	0.0	0.0	0.0	0.0	0.0	0.0	0.0	0.0	0.0	0.0	0.0	0.0	0.0	0.0	0.0	0.0	0.0	0.0	0.0	0.0	0.25	0.0	0.0	0.0	0.0	0.0	0.0	
Mandarin Duck (<em class="sci">Aix galericulata</em>)	0.0	0.0	0.0	0.05555555555555555	0.0	0.0	0.0015	0.0	0.0	0.0	0.0	0.0	0.0	0.0	0.0	0.0	0.0	0.0	0.0	0.0	0.0	0.0	0.0	0.0	0.0	0.0	0.0	0.0	0.0	0.0	0.0	0.0	0.0	0.0	0.0	0.0	0.0	0.0	0.0015	0.0	0.0	0.0	0.0	0.0	0.0	0.0	0.0	0.0	
Gadwall (<em class="sci">Anas strepera</em>)	0.2	1.0	0.42857142857142855	0.2222222222222222	0.4642857142857143	0.0	0.0	0.0	0.0	0.3333333333333333	0.0015	0.2727272727272727	0.3333333333333333	0.0	0.16666666666666666	0.0	0.0	0.08333333333333333	0.0	0.0	0.0	0.0	0.0	0.0	0.0	0.0	0.1111111111111111	0.5	0.0	0.0	0.5	0.0	0.0	0.0	0.16666666666666666	0.0	0.0	0.0	0.3333333333333333	0.3333333333333333	0.7142857142857143	0.25	0.0	0.0	0.0	0.5	0.0	0.2222222222222222	
Eurasian Wigeon (<em class="sci">Anas penelope</em>)	0.06666666666666667	0.0	0.42857142857142855	0.16666666666666666	0.25	0.0	0.0	0.0	0.16666666666666666	0.3333333333333333	0.0015	0.09090909090909091	0.0	0.0	0.3333333333333333	0.0	0.0	0.0	0.0	0.0	0.0	0.0	0.0	0.0	0.0	0.0	0.0	0.0	0.0	0.0	0.0	0.0	0.0	0.0	0.0	0.0	0.0	0.0	0.3333333333333333	0.0	0.14285714285714285	0.25	0.0	0.0	0.0	0.25	0.0	0.2222222222222222	
Mallard (<em class="sci">Anas platyrhynchos</em>)	0.6666666666666666	1.0	0.2857142857142857	0.5555555555555556	0.7142857142857143	1.0	0.0	0.4	0.16666666666666666	1.0	0.4	0.6363636363636364	0.8888888888888888	0.8	0.6666666666666666	0.25	0.6666666666666666	0.3333333333333333	0.4	0.75	0.3333333333333333	0.375	0.0	1.0	0.5	0.125	0.5555555555555556	0.5	0.2857142857142857	0.0	0.5	0.1111111111111111	0.16666666666666666	0.45454545454545453	0.3333333333333333	0.75	0.0	0.5	0.3333333333333333	0.5	0.8571428571428571	0.5	1.0	0.0	0.0	0.5	0.0	0.5	
Mallard (Domestic type) (<em class="sci">Anas platyrhynchos (Domestic type)</em>)	0.0	0.0	0.0	0.0	0.0	0.0	0.0	0.0	0.0	0.0	0.0	0.0	0.0	0.0	0.0	0.0	0.0	0.0	0.0	0.0	0.0	0.0625	0.0	0.0	0.0	0.0	0.0	0.0	0.0	0.0	0.0	0.0	0.0	0.0	0.0	0.25	0.0	0.0	0.0	0.0	0.0	0.0	0.0	0.0	0.0	0.0	0.0	0.0	
Northern Shoveler (<em class="sci">Anas clypeata</em>)	0.06666666666666667	0.0	0.2857142857142857	0.0	0.03571428571428571	0.0	0.0015	0.0	0.0	0.6666666666666666	0.0	0.09090909090909091	0.0	0.4	0.0	0.0	0.0	0.0	0.0	0.0	0.0	0.0	0.0	0.0	0.0	0.0	0.0	0.0	0.0	0.0	0.0	0.0	0.0	0.0	0.0	0.0	0.0	0.0	0.3333333333333333	0.0	0.0	0.25	0.0	0.0	0.0	0.0	0.0	0.0	
Northern Pintail (<em class="sci">Anas acuta</em>)	0.13333333333333333	0.0	0.14285714285714285	0.1111111111111111	0.10714285714285714	0.0	0.0015	0.0	0.16666666666666666	0.3333333333333333	0.0015	0.0	0.0	0.0	0.0	0.0	0.0	0.0	0.0	0.0	0.0	0.0	0.0	0.0	0.0	0.0	0.0	0.0	0.0	0.0	0.0	0.0	0.0	0.0	0.0	0.0	0.0	0.0	0.0	0.0	0.0	0.25	0.0	0.0	0.0	0.0	0.0	0.05555555555555555	
Garganey (<em class="sci">Anas querquedula</em>)	0.0	0.0	0.0	0.0	0.0	0.0	0.0	0.0	0.0	0.3333333333333333	0.0015	0.0	0.0	0.0	0.3333333333333333	0.0	0.0	0.0	0.0	0.0	0.0	0.0	0.0	0.0	0.0	0.0	0.0	0.0	0.0	0.0	0.0	0.0	0.0	0.0	0.0	0.0	0.0	0.0	0.0	0.0	0.0	0.0	0.0	0.0	0.0	0.0	0.0	0.0	
Eurasian/American Green-winged Teal (<em class="sci">Anas crecca</em>)	0.26666666666666666	0.0	0.14285714285714285	0.2777777777777778	0.35714285714285715	0.0	0.0	0.2	0.16666666666666666	0.3333333333333333	0.0	0.2727272727272727	0.4444444444444444	0.4	0.16666666666666666	0.0	0.0	0.0	0.0	0.0	0.0	0.0625	0.0	0.25	0.0	0.0	0.1111111111111111	0.0	0.0	0.0	0.0	0.0	0.0015	0.0	0.16666666666666666	0.0	0.3333333333333333	0.0	0.3333333333333333	0.3333333333333333	0.7142857142857143	0.25	0.0	0.0	0.0	0.5	0.0	0.16666666666666666	
Red-crested Pochard (<em class="sci">Netta rufina</em>)	0.06666666666666667	0.0	0.0	0.0015	0.10714285714285714	0.0	0.0	0.0	0.16666666666666666	0.3333333333333333	0.0	0.09090909090909091	0.0	0.0	0.16666666666666666	0.0	0.0015	0.08333333333333333	0.0	0.0	0.0	0.0	0.0	0.0	0.0	0.0	0.0	0.25	0.0	0.0	0.0	0.0	0.0	0.0	0.0	0.0	0.0	0.0	0.0	0.0	0.0	0.0	0.0	0.0	0.0	0.0	0.0	0.0	
Common Pochard (<em class="sci">Aythya ferina</em>)	0.5333333333333333	1.0	0.42857142857142855	0.16666666666666666	0.39285714285714285	1.0	0.0015	0.0	0.0	0.3333333333333333	0.0	0.09090909090909091	0.2222222222222222	0.2	0.3333333333333333	0.0	0.0	0.0	0.0	0.0	0.0	0.0	0.0	0.0015	0.08333333333333333	0.0	0.0	0.0	0.0	0.0	0.0015	0.0	0.0	0.0	0.0	0.0	0.0	0.0	0.3333333333333333	0.16666666666666666	0.2857142857142857	0.25	0.5	0.0	0.0	0.5	0.0	0.3333333333333333	
Ring-necked Duck (<em class="sci">Aythya collaris</em>)	0.0	0.0	0.0	0.0	0.0	0.0	0.0	0.0	0.0	0.0	0.0	0.0	0.1111111111111111	0.0	0.0	0.0	0.0	0.0	0.0	0.0	0.0	0.0	0.0	0.0	0.0	0.0	0.0	0.0	0.0	0.0	0.0	0.0	0.0	0.0	0.0	0.0	0.0	0.0	0.0	0.0	0.0	0.0	0.0	0.0	0.0	0.0	0.0	0.0	
Ferruginous Duck (<em class="sci">Aythya nyroca</em>)	0.0	0.0	0.0015	0.0	0.0	0.0	0.0	0.0	0.16666666666666666	0.0	0.0	0.0	0.0	0.0	0.0	0.0	0.0	0.0	0.0	0.0	0.0	0.0	0.0	0.0	0.0	0.0	0.0	0.0	0.0	0.0	0.0	0.0	0.0	0.0	0.0	0.0	0.0	0.0	0.0	0.16666666666666666	0.14285714285714285	0.0	0.0	0.0	0.0	0.0	0.0	0.05555555555555555	
Tufted Duck (<em class="sci">Aythya fuligula</em>)	0.5333333333333333	1.0	0.7142857142857143	0.2222222222222222	0.6071428571428571	1.0	0.0015	0.0	0.16666666666666666	0.3333333333333333	0.2	0.36363636363636365	0.4444444444444444	0.4	0.3333333333333333	0.0	0.0	0.08333333333333333	0.0	0.0015	0.3333333333333333	0.125	0.0	1.0	0.16666666666666666	0.0	0.1111111111111111	0.5	0.2857142857142857	0.0	0.5	0.0	0.0015	0.0	0.0	0.0	0.0	0.0	0.3333333333333333	0.16666666666666666	0.2857142857142857	0.25	1.0	0.0	0.0	0.25	0.0	0.3888888888888889	
Common Pochard x Tufted Duck (hybrid) (<em class="sci">Aythya ferina x fuligula</em>)	0.0	0.0	0.0	0.0	0.0	0.0	0.0015	0.0	0.16666666666666666	0.0	0.0	0.0	0.0	0.0	0.0	0.0	0.0	0.0	0.0	0.0	0.0	0.0	0.0	0.0	0.0	0.0	0.0	0.0	0.0	0.0	0.0	0.0	0.0	0.0	0.0	0.0	0.0	0.0	0.0	0.0	0.0	0.0	0.0	0.0	0.0	0.0	0.0	0.0	
Greater Scaup (<em class="sci">Aythya marila</em>)	0.06666666666666667	1.0	0.2857142857142857	0.05555555555555555	0.07142857142857142	0.0	0.0	0.0	0.16666666666666666	0.3333333333333333	0.0015	0.0	0.0	0.0	0.0	0.0	0.0	0.0	0.0	0.0	0.0	0.0	0.0	0.0	0.0	0.0	0.0	0.0	0.0	0.0	0.0	0.0	0.0	0.0	0.0	0.0	0.0	0.0	0.0	0.0	0.0	0.25	0.0	0.0	0.0	0.0	0.0	0.05555555555555555	
Common Eider (<em class="sci">Somateria mollissima</em>)	0.0	0.0	0.14285714285714285	0.0	0.0	0.0	0.0	0.0	0.0	0.3333333333333333	0.0	0.0	0.0	0.0	0.0	0.0	0.0	0.0	0.0	0.0	0.0	0.0	0.0	0.0	0.0	0.0	0.0	0.0	0.0	0.0	0.0	0.0	0.0	0.0	0.0	0.0	0.0	0.0	0.0	0.0	0.0	0.25	0.0	0.0	0.0	0.0	0.0	0.0	
White-winged Scoter (<em class="sci">Melanitta fusca</em>)	0.0	0.0	0.0	0.0	0.03571428571428571	0.0	0.0	0.0	0.3333333333333333	0.3333333333333333	0.0	0.0	0.0	0.0	0.0	0.0	0.0	0.0	0.0	0.0	0.0	0.0	0.0	0.0	0.0	0.0	0.0	0.0	0.0	0.0	0.0	0.0	0.0	0.0	0.0	0.0	0.0	0.0	0.0	0.0	0.0	0.0	0.0	0.0	0.0	0.0	0.0	0.05555555555555555	
Common Scoter (<em class="sci">Melanitta nigra</em>)	0.0	0.0	0.0	0.0	0.0	0.0	0.0	0.0	0.0	0.0	0.0	0.0	0.0	0.0	0.0	0.0	0.0	0.0	0.0	0.0	0.0	0.0	0.0	0.0	0.0	0.0	0.0	0.0	0.0	0.0	0.0	0.0	0.0	0.0	0.0	0.0	0.0	0.0	0.0	0.0	0.0	0.0	0.0015	0.0	0.0	0.0	0.0	0.0	
Long-tailed Duck (<em class="sci">Clangula hyemalis</em>)	0.0	0.0	0.0	0.0	0.0	0.0015	0.0015	0.0	0.0	0.0	0.0	0.0	0.0	0.0	0.0	0.0	0.0	0.0	0.0	0.0	0.0	0.0	0.0	0.0	0.0	0.0	0.0	0.0	0.0	0.0	0.0	0.0	0.0	0.0	0.0	0.0	0.0	0.0	0.0	0.0	0.0	0.0	0.0	0.0	0.0	0.0	0.0	0.0	
Common Goldeneye (<em class="sci">Bucephala clangula</em>)	0.06666666666666667	0.0	0.42857142857142855	0.05555555555555555	0.10714285714285714	0.0	0.0	0.0	0.16666666666666666	0.3333333333333333	0.0	0.09090909090909091	0.1111111111111111	0.0	0.0	0.0	0.0	0.0	0.0	0.0	0.0	0.0	0.0	0.0	0.0	0.0	0.0	0.0	0.0	0.0	0.0	0.0	0.0	0.0	0.0	0.0	0.0	0.0	0.0	0.0	0.0	0.25	0.0	0.0	0.0	0.5	0.0	0.1111111111111111	
Smew (<em class="sci">Mergellus albellus</em>)	0.0	0.0	0.14285714285714285	0.0	0.03571428571428571	0.0	0.0	0.0	0.16666666666666666	0.0	0.0	0.0	0.0	0.0	0.0	0.0	0.0	0.0	0.0	0.0	0.0	0.0	0.0	0.0	0.0	0.0	0.0	0.0	0.0	0.0	0.0	0.0	0.0	0.0	0.0	0.0	0.0	0.0	0.0	0.0	0.0	0.0	0.0	0.0	0.0	0.0	0.0	0.0	
Common Merganser (<em class="sci">Mergus merganser</em>)	0.2	1.0	0.42857142857142855	0.2777777777777778	0.5357142857142857	0.0	0.0015	0.2	0.3333333333333333	0.3333333333333333	0.2	0.2727272727272727	0.2222222222222222	0.0	0.0015	0.0	0.0	0.0	0.0015	0.0	0.0	0.0	0.0	0.0	0.08333333333333333	0.0	0.0	0.0	0.14285714285714285	0.0	0.0	0.0	0.0	0.0	0.0	0.0	0.0	0.0	0.3333333333333333	0.16666666666666666	0.14285714285714285	0.0	0.5	0.0	0.0	0.25	0.0	0.2777777777777778	
Red-breasted Merganser (<em class="sci">Mergus serrator</em>)	0.0	0.0	0.0	0.05555555555555555	0.03571428571428571	0.0	0.0	0.0	0.16666666666666666	0.0	0.0	0.0	0.0	0.0	0.0	0.0	0.0	0.0	0.0	0.0	0.0	0.0	0.0	0.0	0.0	0.0	0.0	0.0	0.0	0.0	0.0	0.0	0.0	0.0	0.0	0.0	0.0	0.0	0.0	0.0015	0.0	0.0	0.0015	0.0	0.0	0.0	0.0	0.1111111111111111	
Grey Partridge (<em class="sci">Perdix perdix</em>)	0.0	0.0	0.0	0.0	0.0	0.0	0.0	0.0	0.0	0.0	0.0	0.0	0.0	0.0	0.0	0.0	0.0	0.0	0.0	0.0	0.0	0.0	0.0	0.0	0.0	0.0015	0.0	0.0	0.0	0.0	0.0	0.0	0.0015	0.0	0.0	0.0	0.0	0.0	0.0	0.0	0.0	0.0	0.0	0.0	0.0	0.0	0.0	0.0	
Common Quail (<em class="sci">Coturnix coturnix</em>)	0.0	0.0	0.0	0.0	0.0	0.0	0.0	0.0	0.0	0.0	0.0	0.0	0.0	0.0	0.0	0.0	0.0	0.0015	0.0	0.0	0.0	0.0	0.0	0.0	0.0	0.0	0.0	0.0	0.0	0.0	0.0	0.0	0.0	0.0	0.0	0.0	0.0	0.0	0.0	0.0	0.0	0.0	0.0	0.0	0.0	0.0	0.0	0.0	
Common Pheasant (<em class="sci">Phasianus colchicus</em>)	0.0	0.0	0.14285714285714285	0.16666666666666666	0.07142857142857142	0.0	0.0	0.0	0.0	0.0	0.2	0.18181818181818182	0.2222222222222222	0.4	0.3333333333333333	0.25	0.6666666666666666	0.5833333333333334	0.6	0.5	0.3333333333333333	0.0625	0.0	0.75	0.0	0.0	0.1111111111111111	0.25	0.0	0.0	0.5	0.0	0.0	0.09090909090909091	0.0	0.0015	0.3333333333333333	0.25	0.0	0.16666666666666666	0.42857142857142855	0.0	0.0	0.0	0.0	0.25	0.0	0.0	
Hazel Grouse (<em class="sci">Bonasa bonasia</em>)	0.0	0.0	0.0	0.0	0.0	0.0	0.0	0.0	0.0	0.0	0.0	0.0	0.0	0.0	0.0	0.0	0.0	0.0	0.0	0.0	0.0	0.0	0.0	0.0	0.0	0.0015	0.0	0.0	0.0	0.0	0.0	0.0	0.0	0.0	0.0	0.0	0.0	0.0	0.0	0.0	0.0	0.0	0.0	0.0	0.0	0.0	0.0	0.0	
Red-throated Diver (<em class="sci">Gavia stellata</em>)	0.0	0.0	0.14285714285714285	0.0	0.0	0.0	0.0	0.0	0.16666666666666666	0.3333333333333333	0.0	0.0	0.0	0.0	0.0	0.0	0.0	0.0	0.0	0.0	0.0	0.0	0.0	0.0	0.0	0.0	0.0	0.0	0.0	0.0	0.0	0.0	0.0	0.0	0.0	0.0	0.0	0.0	0.0	0.0	0.0	0.25	0.0	0.0	0.0	0.0	0.0	0.0	
Black-throated Diver (<em class="sci">Gavia arctica</em>)	0.0	0.0	0.0	0.0	0.0	0.0	0.0	0.0	0.16666666666666666	0.0	0.0	0.0	0.0	0.0	0.0	0.0	0.0	0.0	0.0	0.0	0.0	0.0	0.0	0.0	0.0	0.0	0.0	0.0	0.0	0.0	0.0	0.0	0.0	0.0	0.0	0.0	0.0	0.0	0.0	0.0	0.0	0.0	0.0	0.0	0.0	0.0	0.0015	0.0	
Great Northern Diver (<em class="sci">Gavia immer</em>)	0.0	0.0	0.0	0.0	0.0	0.0	0.0	0.0	0.16666666666666666	0.0	0.0	0.0	0.0	0.0	0.0	0.0	0.0	0.0	0.0	0.0	0.0	0.0	0.0	0.0	0.0	0.0	0.0	0.0	0.0	0.0	0.0	0.0	0.0	0.0	0.0	0.0	0.0	0.0	0.0	0.0	0.0	0.0	0.0	0.0	0.0	0.0	0.0	0.0	
White-billed Diver (<em class="sci">Gavia adamsii</em>)	0.0	0.0	0.0	0.0	0.0	0.0	0.0015	0.0	0.0	0.0	0.0	0.0	0.0	0.0	0.0	0.0	0.0	0.0	0.0	0.0	0.0	0.0	0.0	0.0	0.0	0.0	0.0	0.0	0.0	0.0	0.0	0.0	0.0	0.0	0.0	0.0	0.0	0.0	0.0	0.0	0.0	0.0	0.0	0.0	0.0	0.0	0.0	0.0	
Little Grebe (<em class="sci">Tachybaptus ruficollis</em>)	0.06666666666666667	0.0	0.42857142857142855	0.0	0.17857142857142858	0.0	0.0	0.0	0.0	0.6666666666666666	0.2	0.18181818181818182	0.3333333333333333	0.0	0.3333333333333333	0.0	0.0015	0.08333333333333333	0.2	0.5	0.0	0.1875	0.0	0.25	0.0	0.0	0.1111111111111111	0.25	0.0	0.0	0.0	0.0	0.0015	0.0	0.16666666666666666	0.0	0.0	0.0	0.0	0.3333333333333333	0.0	0.25	0.0	0.0	0.0	0.25	0.0	0.1111111111111111	
Slavonian Grebe (<em class="sci">Podiceps auritus</em>)	0.0	0.0	0.0	0.0	0.0	0.0	0.0	0.0	0.0	0.0	0.0	0.0015	0.0	0.0	0.0	0.0	0.0	0.0	0.0	0.0	0.0	0.0	0.0	0.0	0.0	0.0	0.0	0.0	0.0	0.0	0.0	0.0	0.0	0.0	0.0	0.0	0.0	0.0	0.0	0.0	0.0	0.25	0.0	0.0	0.0	0.0	0.0	0.0	
Red-necked Grebe (<em class="sci">Podiceps grisegena</em>)	0.0	0.0	0.0	0.0	0.0	0.0	0.0	0.0	0.0	0.3333333333333333	0.0	0.0	0.1111111111111111	0.0	0.0	0.0	0.0	0.0	0.0	0.0	0.0	0.0	0.0	0.0	0.0	0.0	0.0	0.0	0.0	0.0	0.0	0.0	0.0015	0.0	0.0	0.0	0.0	0.0	0.0	0.0	0.0	0.0	0.0	0.0	0.0	0.0	0.0	0.0	
Great Crested Grebe (<em class="sci">Podiceps cristatus</em>)	0.4666666666666667	1.0	0.2857142857142857	0.2777777777777778	0.5357142857142857	1.0	0.0	0.2	0.16666666666666666	0.6666666666666666	0.0	0.2727272727272727	0.3333333333333333	0.2	0.3333333333333333	0.0	0.0	0.0	0.0015	0.0	0.3333333333333333	0.0015	0.0	0.0015	0.0015	0.125	0.2222222222222222	0.0	0.0015	0.0	0.5	0.1111111111111111	0.0015	0.09090909090909091	0.0	0.25	0.0	0.25	0.0	0.16666666666666666	0.0	0.25	0.0	0.0	0.0	0.5	0.0	0.4444444444444444	
Black-necked Grebe (<em class="sci">Podiceps nigricollis</em>)	0.0	0.0	0.14285714285714285	0.0	0.03571428571428571	0.0	0.0	0.0	0.0	0.3333333333333333	0.0	0.0	0.0	0.0	0.0	0.0	0.0	0.0	0.0	0.0	0.0	0.0	0.0	0.0	0.0	0.0	0.0	0.0	0.0	0.0	0.0	0.0	0.0	0.0	0.0	0.0	0.0	0.0	0.0	0.0	0.0	0.25	0.0	0.0	0.0	0.0	0.0	0.0	
Black Stork (<em class="sci">Ciconia nigra</em>)	0.0	0.0	0.0	0.0	0.0	0.0	0.0	0.0	0.0	0.0	0.0	0.0	0.0015	0.0	0.0	0.0	0.0	0.0	0.0	0.0	0.0	0.0	0.0	0.0	0.0	0.0	0.0	0.0	0.0	0.0	0.0	0.3333333333333333	0.0015	0.0	0.0	0.0	0.0	0.0	0.0	0.0	0.0	0.0	0.0	0.0	0.0	0.0	0.0	0.0	
White Stork (<em class="sci">Ciconia ciconia</em>)	0.06666666666666667	0.0	0.0	0.05555555555555555	0.07142857142857142	0.0	0.5	0.2	0.0	0.0	0.4	0.18181818181818182	0.2222222222222222	0.2	0.3333333333333333	0.25	0.3333333333333333	0.16666666666666666	0.4	0.5	0.5	0.125	0.0015	0.25	0.25	0.5	0.5555555555555556	0.75	0.42857142857142855	0.0	0.0015	0.5555555555555556	0.16666666666666666	0.2727272727272727	0.0	0.0015	0.0	0.0	0.3333333333333333	0.0	0.0	0.0	0.5	1.0	0.0	0.75	0.0	0.0	
Great Cormorant (<em class="sci">Phalacrocorax carbo</em>)	0.4666666666666667	1.0	0.42857142857142855	0.5	0.6071428571428571	1.0	0.0015	0.4	0.16666666666666666	0.6666666666666666	0.2	0.5454545454545454	0.3333333333333333	0.6	0.0	0.0	0.3333333333333333	0.16666666666666666	0.0	0.0	0.16666666666666666	0.0	0.0	0.75	0.4166666666666667	0.0	0.2222222222222222	0.75	0.2857142857142857	0.0	0.5	0.2222222222222222	0.16666666666666666	0.0	0.3333333333333333	0.5	0.0	0.0	0.3333333333333333	0.6666666666666666	0.7142857142857143	0.25	1.0	0.0	0.0	0.75	0.0	0.5	
Great Bittern (<em class="sci">Botaurus stellaris</em>)	0.0	0.0	0.0	0.0	0.0	0.0	0.0	0.0	0.0	0.0	0.0	0.0	0.0	0.0	0.0	0.0	0.0	0.0	0.0	0.0	0.0	0.0	0.0	0.0	0.0	0.0	0.0	0.0	0.0	0.0	0.0	0.0	0.0	0.0	0.0	0.0	0.0	0.0	0.0	0.0	0.14285714285714285	0.0	0.0	0.0	0.0	0.0	0.0	0.0	
Grey Heron (<em class="sci">Ardea cinerea</em>)	0.26666666666666666	1.0	0.2857142857142857	0.3333333333333333	0.42857142857142855	0.0	0.0	0.2	0.16666666666666666	0.3333333333333333	0.2	0.36363636363636365	0.5555555555555556	0.4	0.3333333333333333	0.25	0.6666666666666666	0.3333333333333333	0.2	0.5	0.16666666666666666	0.25	0.0	1.0	0.16666666666666666	0.375	0.2222222222222222	0.75	0.2857142857142857	0.0	0.5	0.2222222222222222	0.16666666666666666	0.09090909090909091	0.5	0.25	0.6666666666666666	0.25	0.0	0.5	0.7142857142857143	0.25	0.0	0.0	0.0	0.5	0.0	0.3888888888888889	
Purple Heron (<em class="sci">Ardea purpurea</em>)	0.0	0.0	0.0	0.0	0.0	0.0	0.0	0.0	0.0	0.0	0.0	0.0	0.0	0.0	0.0	0.0015	0.0015	0.0	0.0	0.0	0.0	0.0	0.0	0.25	0.0	0.0	0.0	0.5	0.0	0.0	0.0	0.0	0.0	0.0	0.0	0.0	0.0	0.0	0.0	0.0	0.0	0.0	0.0	0.0	0.0	0.0	0.0	0.0	
Great Egret (<em class="sci">Ardea alba</em>)	0.26666666666666666	0.0	0.42857142857142855	0.2777777777777778	0.21428571428571427	0.0	0.0	0.2	0.16666666666666666	1.0	0.2	0.2727272727272727	0.1111111111111111	0.2	0.0	0.0	0.0	0.08333333333333333	0.0	0.0	0.0	0.0625	0.0	0.5	0.0	0.0	0.1111111111111111	0.75	0.0	0.0	0.0	0.0	0.0	0.0	0.16666666666666666	0.0015	0.0	0.0	0.0	0.3333333333333333	0.8571428571428571	0.0	0.0	0.0	0.0	0.25	0.0	0.2777777777777778	
Little Egret (<em class="sci">Egretta garzetta</em>)	0.0	0.0	0.0	0.0	0.0	0.0	0.0	0.0	0.0	0.0	0.0	0.0	0.0	0.0	0.0	0.0	0.0	0.08333333333333333	0.0	0.0	0.16666666666666666	0.0625	0.0	0.75	0.08333333333333333	0.0	0.1111111111111111	0.5	0.14285714285714285	0.0	0.0	0.0	0.0	0.0	0.0015	0.0015	0.0015	0.0	0.0	0.0	0.0	0.0	0.0	0.0	0.0	0.0	0.0	0.0	
Cattle Egret (<em class="sci">Bubulcus ibis</em>)	0.0	0.0	0.0	0.0	0.0	0.0	0.0	0.0	0.0	0.0	0.0	0.0	0.0	0.0	0.0	0.0	0.0	0.0	0.0	0.0	0.0	0.0	0.0	0.0	0.0	0.125	0.0	0.0	0.0	0.0	0.0	0.0	0.0	0.0	0.0	0.0	0.0	0.0	0.0	0.0	0.0	0.0	0.0	0.0	0.0	0.0	0.0	0.0	
Black-crowned Night-Heron (<em class="sci">Nycticorax nycticorax</em>)	0.0	0.0	0.0	0.0	0.0	0.0	0.0	0.0	0.0	0.0	0.0	0.0	0.0	0.0	0.0	0.0	0.0	0.0	0.0	0.0	0.0	0.0625	0.0	0.0	0.0	0.0	0.0	0.0	0.0	0.0	0.0	0.0	0.0	0.0	0.0	0.0	0.0	0.0	0.0	0.0	0.0	0.0	0.0	0.0	0.0	0.0	0.0	0.0	
Eurasian Spoonbill (<em class="sci">Platalea leucorodia</em>)	0.0	0.0	0.0	0.0	0.0	0.0	0.0	0.0	0.0	0.0	0.0	0.0	0.0	0.0	0.0	0.0	0.0	0.0	0.0	0.0	0.0	0.0	0.0	0.0	0.0	0.0	0.0	0.0	0.0	0.0	0.0	0.0	0.0	0.0	0.0	0.0	0.0	0.0	0.0	0.16666666666666666	0.0	0.0	0.0	0.0	0.0	0.0	0.0	0.0	
Osprey (<em class="sci">Pandion haliaetus</em>)	0.0	0.0	0.0	0.0	0.0	0.0	0.0	0.0	0.0	0.0	0.0015	0.0	0.3333333333333333	0.0	0.0	0.0	0.0	0.0	0.0	0.0	0.0	0.0	0.0	0.0	0.0	0.0	0.0	0.0	0.0	0.0	0.0	0.0	0.0	0.0	0.0	0.0	0.0	0.0	0.0	0.0	0.0	0.0	0.0	0.0	0.0	0.0	0.0	0.0	
European Honey-buzzard (<em class="sci">Pernis apivorus</em>)	0.0	0.0	0.0	0.0	0.0	0.0	0.0	0.0	0.0	0.0	0.0	0.0	0.0	0.0	0.0	0.0	0.3333333333333333	0.25	0.0	0.25	0.16666666666666666	0.1875	0.0	0.0	0.0	0.25	0.0	0.0	0.0	0.0	0.0	0.5555555555555556	0.6666666666666666	0.0	0.0	0.0	0.3333333333333333	0.0	0.0	0.0	0.0	0.0	0.0	0.0	0.0	0.0	0.0	0.0	
Griffon Vulture (<em class="sci">Gyps fulvus</em>)	0.0	0.0	0.0	0.0	0.0	0.0	0.0	0.0	0.0	0.0	0.0	0.0	0.0	0.0	0.0	0.0	0.0	0.0	0.0	0.0	0.0	0.0625	0.0	0.0	0.0	0.0	0.0	0.0	0.0	0.0	0.0	0.0	0.0	0.0	0.0	0.0	0.0	0.0	0.0	0.0	0.0	0.0	0.0	0.0	0.0	0.0	0.0	0.0	
Booted Eagle (<em class="sci">Hieraaetus pennatus</em>)	0.0	0.0	0.0	0.0	0.0	0.0	0.0	0.0	0.0	0.0	0.0	0.0	0.0	0.0	0.0	0.0	0.0	0.0	0.0	0.0	0.0	0.0	0.0	0.0	0.0	0.0	0.0	0.0	0.0	0.0	0.0	0.0	0.0	0.0	0.0	0.0015	0.0015	0.0	0.0	0.0	0.0	0.0	0.0	0.0	0.0	0.0	0.0	0.0	
Eurasian Marsh-Harrier (<em class="sci">Circus aeruginosus</em>)	0.0	0.0	0.0	0.0	0.0	0.0	0.0	0.0	0.0	0.0	0.0	0.09090909090909091	0.1111111111111111	0.0	0.0	0.0	0.0	0.0	0.0	0.25	0.0	0.0	0.0	0.0	0.0	0.0	0.0	0.0	0.14285714285714285	0.0	0.0	0.0	0.3333333333333333	0.0	0.0	0.0	0.0	0.25	0.0	0.0	0.2857142857142857	0.25	0.0	0.0	0.0	0.0	0.0	0.0	
Northern Harrier (<em class="sci">Circus cyaneus</em>)	0.0	0.0	0.0	0.0	0.03571428571428571	0.0	0.0	0.0	0.0	0.3333333333333333	0.0	0.0	0.0	0.0	0.16666666666666666	0.0	0.0	0.0	0.0	0.0	0.0	0.0	0.0	0.0	0.0	0.0	0.0	0.0	0.0	0.0	0.0	0.0	0.0	0.0	0.0	0.0	0.0	0.0	0.0	0.0	0.14285714285714285	0.0	0.0	0.0	0.0	0.0	0.0	0.0	
Montagu's Harrier (<em class="sci">Circus pygargus</em>)	0.0	0.0	0.0	0.0	0.0	0.0	0.0	0.0	0.0	0.0	0.0	0.0	0.0	0.0	0.0	0.0	0.0015	0.0	0.0	0.0	0.16666666666666666	0.0	0.0	0.0	0.0	0.125	0.0	0.0	0.0	0.0	0.0	0.0	0.16666666666666666	0.0	0.0	0.0	0.0	0.0	0.0	0.0	0.0	0.0	0.0	0.0	0.0	0.0	0.0	0.0	
Eurasian Sparrowhawk (<em class="sci">Accipiter nisus</em>)	0.06666666666666667	0.0	0.0	0.05555555555555555	0.03571428571428571	0.0	0.0	0.0	0.16666666666666666	0.3333333333333333	0.0	0.2727272727272727	0.1111111111111111	0.2	0.0	0.0	0.3333333333333333	0.0	0.2	0.25	0.0	0.0	0.0	0.25	0.0	0.0	0.1111111111111111	0.25	0.0	0.0	0.0	0.2222222222222222	0.3333333333333333	0.0	0.16666666666666666	0.0	0.3333333333333333	0.0	0.3333333333333333	0.6666666666666666	0.7142857142857143	0.0	0.0015	0.0	1.0	0.0	0.0	0.05555555555555555	
Northern Goshawk (<em class="sci">Accipiter gentilis</em>)	0.0	0.0	0.0	0.05555555555555555	0.0	0.0	0.0	0.0	0.16666666666666666	0.3333333333333333	0.0015	0.0	0.0	0.0	0.0	0.0	0.0	0.08333333333333333	0.0	0.0	0.0	0.0	0.0	0.0	0.0	0.0	0.0	0.0	0.0	0.0	0.0	0.0	0.0	0.0	0.0	0.0	0.0	0.0	0.0	0.16666666666666666	0.14285714285714285	0.0	0.0	0.0	0.0	0.0	1.0	0.0	
Red Kite (<em class="sci">Milvus milvus</em>)	0.0	0.0	0.0	0.0	0.0	0.0	0.0	0.2	0.3333333333333333	0.0	0.0	0.0	0.1111111111111111	0.0	0.0	0.0	0.0015	0.08333333333333333	0.0	0.0	0.0	0.0	0.0	0.0	0.0015	0.0	0.1111111111111111	0.0	0.0	0.0	0.0	0.2222222222222222	0.16666666666666666	0.09090909090909091	0.0	0.0	0.0	0.25	0.6666666666666666	0.3333333333333333	0.2857142857142857	0.0	0.0	0.0	1.0	0.0	0.0	0.0	
Black Kite (<em class="sci">Milvus migrans</em>)	0.0	0.0	0.0	0.0	0.0	0.0	0.0	0.0	0.0	0.3333333333333333	0.0015	0.2727272727272727	0.2222222222222222	0.4	0.16666666666666666	0.0	0.0015	0.16666666666666666	0.4	0.5	0.16666666666666666	0.125	0.0	0.75	0.16666666666666666	0.125	0.2222222222222222	0.5	0.14285714285714285	0.0	0.0	0.2222222222222222	0.3333333333333333	0.0	0.0	0.0	0.6666666666666666	0.0	0.0	0.0	0.0	0.0	0.0	0.0	0.0	0.0	0.0	0.0	
Rough-legged Buzzard (<em class="sci">Buteo lagopus</em>)	0.0	0.0	0.0	0.0	0.0	0.0	0.0	0.0	0.16666666666666666	0.0	0.0	0.0	0.0	0.0	0.0	0.0	0.0	0.0	0.0	0.0	0.0	0.0	0.0	0.0	0.0	0.0	0.0	0.0	0.0	0.0	0.0	0.0	0.0	0.0	0.0	0.0	0.0	0.0	0.0	0.0	0.0	0.0	0.0	0.0	1.0	0.0	0.0	0.0	
Common Buzzard (<em class="sci">Buteo buteo</em>)	0.4	0.0015	0.42857142857142855	0.5555555555555556	0.25	0.0	0.0015	0.0	0.3333333333333333	0.3333333333333333	0.2	0.45454545454545453	0.5555555555555556	0.4	0.16666666666666666	0.25	0.6666666666666666	0.5833333333333334	0.2	0.5	0.16666666666666666	0.3125	0.0	0.75	0.16666666666666666	0.25	0.4444444444444444	0.25	0.14285714285714285	0.0	0.0	0.3333333333333333	0.3333333333333333	0.18181818181818182	0.5	0.25	0.3333333333333333	0.5	0.6666666666666666	1.0	0.8571428571428571	0.25	0.0	0.0	1.0	0.5	0.0	0.5	
Little Bustard (<em class="sci">Tetrax tetrax</em>)	0.0	0.0	0.0	0.0	0.0	0.0	0.0	0.0	0.0	0.0	0.0	0.0	0.0	0.0	0.0	0.0	0.0	0.0	0.0	0.0	0.16666666666666666	0.0	0.0	0.0	0.0	0.0	0.0	0.0	0.0	0.0	0.0	0.0	0.0	0.0	0.0	0.0	0.0	0.0	0.0	0.0	0.0	0.0	0.0	0.0	0.0	0.0	0.0	0.0	
Water Rail (<em class="sci">Rallus aquaticus</em>)	0.0	0.0	0.0	0.0	0.0	0.0	0.0	0.0	0.0	0.0	0.0	0.18181818181818182	0.1111111111111111	0.2	0.0	0.0	0.0	0.08333333333333333	0.0	0.25	0.16666666666666666	0.0	0.0	0.0	0.0	0.0	0.0	0.25	0.0	0.0	0.0	0.0	0.0015	0.0	0.0	0.0	0.0	0.0	0.0	0.3333333333333333	0.42857142857142855	0.0	0.0	0.0	0.0	0.0	0.0	0.0	
Spotted Crake (<em class="sci">Porzana porzana</em>)	0.0	0.0	0.0	0.0	0.0	0.0	0.0	0.0	0.0	0.0	0.0	0.0	0.1111111111111111	0.0	0.0	0.0	0.0	0.0	0.0	0.0	0.0	0.0	0.0	0.0	0.0	0.0	0.0	0.0	0.0	0.0	0.0	0.0	0.0015	0.0	0.0	0.0	0.0	0.0	0.0	0.0	0.0	0.0	0.0	0.0	0.0	0.0	0.0	0.0	
Common Moorhen (<em class="sci">Gallinula chloropus</em>)	0.0	0.0	0.14285714285714285	0.1111111111111111	0.14285714285714285	0.0	0.5	0.0	0.0	0.3333333333333333	0.4	0.09090909090909091	0.2222222222222222	0.4	0.0	0.25	0.6666666666666666	0.25	0.2	0.5	0.16666666666666666	0.25	0.0	0.75	0.16666666666666666	0.0	0.1111111111111111	0.25	0.0	0.0	0.0	0.0	0.0	0.0	0.16666666666666666	0.25	0.0	0.25	0.0015	0.5	0.42857142857142855	0.25	0.0	0.0	0.0	0.5	0.0	0.1111111111111111	
Common Moorhen (<em class="sci">Gallinula chloropus/galeata</em>)	0.0	0.0	0.0	0.0	0.0	0.0	0.0	0.0	0.0	0.0	0.0	0.0	0.0	0.0	0.0	0.0	0.0	0.0	0.0	0.0	0.0	0.0	0.0	0.0	0.0	0.0	0.0	0.0	0.0	0.0	0.0	0.0	0.0	0.0	0.0	0.0	0.0	0.0	0.0	0.0	0.0	0.0	0.0	0.0	0.0	0.25	0.0	0.0	
Eurasian Coot (<em class="sci">Fulica atra</em>)	0.5333333333333333	1.0	0.14285714285714285	0.3888888888888889	0.5	1.0	0.0015	0.2	0.16666666666666666	1.0	0.4	0.5454545454545454	0.6666666666666666	0.6	0.16666666666666666	0.25	0.6666666666666666	0.3333333333333333	0.4	0.5	0.16666666666666666	0.1875	0.0	0.75	0.16666666666666666	0.25	0.2222222222222222	0.75	0.2857142857142857	0.0015	0.5	0.0	0.0	0.2727272727272727	0.16666666666666666	0.25	0.0	0.25	0.3333333333333333	0.5	0.7142857142857143	0.25	0.5	0.0	0.0	0.5	1.0	0.5555555555555556	
Common Crane (<em class="sci">Grus grus</em>)	0.0	0.0	0.0	0.0	0.0	0.0	0.0	0.0	0.0015	0.0	0.0	0.0	0.2222222222222222	0.0	0.0	0.0	0.0	0.0	0.0	0.0	0.0	0.0	0.0	0.0	0.0	0.0	0.0	0.0	0.0	0.0	0.0	0.0	0.0	0.0	0.0	0.0	0.0	0.0	0.0	0.0015	0.14285714285714285	0.0	0.0	0.0	0.0	0.25	0.0	0.05555555555555555	
Stone Curlew (<em class="sci">Burhinus oedicnemus</em>)	0.0	0.0	0.0	0.0	0.0	0.0	0.0	0.0	0.0	0.0	0.0	0.0	0.0	0.0	0.0	0.0	0.0	0.0	0.0	0.0	0.16666666666666666	0.0	0.0	0.0	0.0	0.0	0.0	0.0	0.0	0.0	0.0	0.0	0.0	0.0	0.0	0.0	0.0	0.0	0.0	0.0	0.0	0.0	0.0	0.0	0.0	0.0	0.0	0.0	
Black-winged Stilt (<em class="sci">Himantopus himantopus</em>)	0.0	0.0	0.0	0.0	0.0	0.0	0.0	0.0	0.0	0.0	0.0	0.0	0.0015	0.0	0.0	0.0	0.0	0.0	0.0	0.0	0.0	0.0	0.0	0.0	0.0	0.0	0.0	0.0	0.0	0.0	0.0	0.0	0.0	0.0	0.0	0.0	0.0	0.0	0.0	0.0	0.0	0.0	0.0	0.0	0.0	0.0	0.0	0.0	
Eurasian Oystercatcher (<em class="sci">Haematopus ostralegus</em>)	0.0	0.0	0.0	0.0	0.0	0.0	0.0	0.0	0.0	0.0	0.0	0.0	0.0	0.0	0.0	0.0	0.0	0.0	0.0	0.0	0.0	0.0	0.0	0.0	0.0	0.0	0.0	0.0	0.0	0.0	0.0	0.0015	0.0	0.0	0.0015	0.0	0.0	0.0	0.0	0.0	0.0	0.0	0.0	0.0	0.0	0.0	0.0	0.0	
Grey Plover (<em class="sci">Pluvialis squatarola</em>)	0.0	0.0	0.0	0.0	0.0	0.0	0.0	0.0	0.0	0.0	0.0	0.0	0.0	0.0	0.0	0.0	0.0015	0.0	0.0	0.0015	0.0	0.0	0.0	0.0	0.0	0.0	0.0	0.0	0.0	0.0	0.0	0.0	0.0	0.0	0.0	0.0	0.0	0.0	0.0015	0.0	0.0	0.0	0.0	0.0	0.0	0.0	0.0	0.0	
European Golden-Plover (<em class="sci">Pluvialis apricaria</em>)	0.0	0.0	0.0	0.0	0.0	0.0	0.0	0.0	0.0	0.0	0.0	0.0	0.0	0.0	0.0	0.0	0.0	0.0	0.0	0.0	0.0	0.0	0.0	0.0	0.0	0.0	0.0	0.0	0.0	0.0	0.0	0.0	0.0	0.0	0.16666666666666666	0.0	0.0	0.0	0.0	0.0	0.0	0.0	0.0	0.0	0.0	0.0	0.0	0.0	
Northern Lapwing (<em class="sci">Vanellus vanellus</em>)	0.0	0.0	0.0	0.0	0.03571428571428571	0.0	0.0	0.0	0.0	0.3333333333333333	0.0	0.09090909090909091	0.2222222222222222	0.4	0.5	0.0	0.0015	0.08333333333333333	0.0015	0.5	0.3333333333333333	0.0625	0.0	0.0	0.0	0.0	0.0	0.5	0.0	0.0	0.0	0.0	0.0	0.0	0.16666666666666666	0.0	0.0	0.0	0.0	0.16666666666666666	0.0	0.0	0.0	0.0	0.0	0.0	1.0	0.0	
Common Ringed Plover (<em class="sci">Charadrius hiaticula</em>)	0.0	0.0	0.0	0.0	0.0	0.0	0.0	0.0	0.0	0.0	0.0	0.0	0.1111111111111111	0.0	0.0	0.0	0.0	0.0	0.0	0.0	0.0	0.0	0.0	0.0	0.0	0.0	0.0	0.0	0.0	0.0	0.0	0.0	0.0015	0.0015	0.0015	0.0015	0.0015	0.0	0.0015	0.0015	0.0	0.0	0.0	0.0	0.0	0.0	0.0	0.0	
Little Ringed Plover (<em class="sci">Charadrius dubius</em>)	0.0	0.0	0.0	0.0	0.0	0.0	0.0	0.0	0.0	0.0	0.0	0.09090909090909091	0.1111111111111111	0.2	0.16666666666666666	0.0	0.0015	0.0	0.0	0.0	0.0	0.0625	0.0	0.25	0.08333333333333333	0.0	0.0	0.0015	0.0	0.0	0.0	0.0	0.0015	0.0	0.0015	0.0015	0.0015	0.0	0.0	0.0	0.0	0.0	0.0	0.0	0.0	0.0	0.0	0.0	
Eurasian Dotterel (<em class="sci">Charadrius morinellus</em>)	0.0	0.0	0.0	0.0	0.0	0.0	0.0	0.0	0.0	0.0	0.0	0.0	0.0	0.0	0.0	0.0	0.0015	0.0	0.0	0.0	0.0	0.0	0.0	0.0	0.0	0.0	0.0	0.0	0.0	0.0	0.0	0.0015	0.0	0.0	0.0	0.0	0.0	0.0	0.0	0.0	0.0	0.0	0.0	0.0	0.0	0.0	0.0	0.0	
Common Sandpiper (<em class="sci">Actitis hypoleucos</em>)	0.0	0.0	0.0	0.0	0.03571428571428571	0.0	0.0	0.0	0.0	0.3333333333333333	0.0	0.0	0.0	0.0015	0.0	0.0	0.0015	0.0	0.0015	0.0	0.16666666666666666	0.0	0.0	0.0	0.0015	0.0	0.1111111111111111	0.0015	0.0	0.0	0.5	0.0	0.0015	0.0	0.0015	0.0015	0.0015	0.0	0.3333333333333333	0.16666666666666666	0.0	0.0	0.0	0.0	0.0	0.0	0.0	0.0	
Green Sandpiper (<em class="sci">Tringa ochropus</em>)	0.0	0.0	0.14285714285714285	0.0	0.0	0.0	0.0	0.0	0.0	0.3333333333333333	0.0	0.2727272727272727	0.1111111111111111	0.4	0.0	0.0	0.0015	0.0	0.0	0.0	0.0	0.0625	0.0	0.25	0.0	0.0	0.0	0.0015	0.0	0.0	0.0	0.0	0.0	0.0	0.0	0.0015	0.0015	0.0	0.0	0.3333333333333333	0.2857142857142857	0.0	0.0	0.0	0.0	0.0	0.0	0.0	
Spotted Redshank (<em class="sci">Tringa erythropus</em>)	0.0	0.0	0.0	0.0	0.0	0.0	0.0	0.0	0.0	0.0	0.0	0.0	0.0015	0.0	0.3333333333333333	0.0	0.0	0.0	0.0	0.0	0.0	0.0	0.0	0.0	0.0	0.0	0.0	0.0	0.0	0.0	0.0	0.0	0.0015	0.0	0.0	0.0	0.0015	0.0	0.0	0.0015	0.0	0.0	0.0	0.0	0.0	0.0	0.0	0.0	
Common Greenshank (<em class="sci">Tringa nebularia</em>)	0.0	0.0	0.0	0.0	0.0	0.0	0.0	0.0	0.0	0.0	0.0	0.0	0.0	0.0	0.0	0.0	0.0	0.0	0.0	0.25	0.0	0.0	0.0	0.0	0.0	0.0	0.0	0.0	0.0	0.0	0.0	0.1111111111111111	0.0015	0.0015	0.0015	0.0015	0.0015	0.0	0.0015	0.0015	0.0	0.0	0.0	0.0	0.0	0.0	0.0	0.0	
Marsh Sandpiper (<em class="sci">Tringa stagnatilis</em>)	0.0	0.0	0.0	0.0	0.0	0.0	0.0	0.0	0.0	0.0	0.0	0.0	0.0	0.0	0.0	0.0	0.0015	0.0	0.0	0.0	0.0	0.0	0.0	0.0	0.0	0.0	0.0	0.0	0.0	0.0	0.0	0.0	0.0	0.0	0.0	0.0	0.0	0.0	0.0	0.0	0.0	0.0	0.0	0.0	0.0	0.0	0.0	0.0	
Wood Sandpiper (<em class="sci">Tringa glareola</em>)	0.0	0.0	0.0	0.0	0.0	0.0	0.0	0.0	0.0	0.0	0.0	0.0	0.0	0.0	0.0	0.0	0.0015	0.0	0.0	0.0	0.0	0.0	0.0	0.0	0.0	0.0	0.1111111111111111	0.0	0.0	0.0	0.0	0.0	0.0	0.0015	0.0	0.0	0.0	0.0	0.0	0.0	0.14285714285714285	0.0	0.0	0.0	0.0	0.0	0.0	0.0	
Common Redshank (<em class="sci">Tringa totanus</em>)	0.0	0.0	0.0	0.0	0.0	0.0	0.0	0.0	0.0	0.0	0.0	0.09090909090909091	0.0015	0.0	0.16666666666666666	0.0	0.0	0.0	0.0	0.0	0.0	0.0	0.0	0.0	0.0	0.0	0.0	0.0	0.0	0.0	0.0	0.0	0.0	0.0	0.0	0.0	0.0	0.0	0.0	0.0	0.0	0.0	0.0	0.0	0.0	0.0	0.0	0.0	
Whimbrel (<em class="sci">Numenius phaeopus</em>)	0.0	0.0	0.0	0.0	0.0	0.0	0.0	0.0	0.0	0.0	0.0	0.0	0.0	0.0	0.16666666666666666	0.0	0.0	0.0	0.0	0.0	0.0	0.0	0.0	0.0	0.0	0.0	0.0	0.0	0.0	0.0	0.0	0.0	0.0	0.0	0.0	0.0	0.0	0.0	0.0	0.0	0.0	0.0	0.0	0.0	0.0	0.0	0.0	0.0	
Eurasian Curlew (<em class="sci">Numenius arquata</em>)	0.0	0.0	0.0	0.0	0.0	0.0	0.0	0.0	0.16666666666666666	0.3333333333333333	0.0	0.0	0.0	0.0	0.3333333333333333	0.0	0.0	0.08333333333333333	0.0	0.25	0.16666666666666666	0.0	0.0	0.0	0.0	0.0	0.0	0.0	0.0	0.0	0.0	0.0	0.0	0.0	0.0	0.0	0.0	0.0	0.0	0.0015	0.0	0.0	0.0	0.0	0.0	0.0	0.0	0.0	
Bar-tailed Godwit (<em class="sci">Limosa lapponica</em>)	0.0	0.0	0.0	0.0	0.0	0.0	0.0	0.0	0.0	0.0	0.0	0.0	0.0	0.0	0.0	0.0	0.0	0.0	0.0	0.0	0.0	0.0	0.0	0.0	0.0	0.0	0.0	0.0	0.0	0.0	0.0	0.0	0.0	0.0015	0.0	0.0	0.0	0.0	0.0	0.0	0.0	0.0	0.0	0.0	0.0	0.0	0.0	0.0	
Ruddy Turnstone (<em class="sci">Arenaria interpres</em>)	0.0	0.0	0.0	0.0	0.0	0.0	0.0	0.0	0.0	0.0	0.0	0.0	0.0	0.0015	0.0	0.0	0.0	0.0	0.0	0.0	0.0	0.0	0.0	0.0	0.0	0.0	0.0	0.0	0.0	0.0	0.0	0.0	0.0015	0.0	0.0	0.0	0.0	0.0	0.0	0.0	0.0	0.0	0.0	0.0	0.0	0.0	0.0	0.0	
Red Knot (<em class="sci">Calidris canutus</em>)	0.0	0.0	0.0	0.0	0.0	0.0	0.0	0.0	0.0	0.0	0.0	0.0	0.0	0.0	0.0	0.0	0.0	0.0	0.0	0.0	0.0	0.0	0.0	0.0	0.0	0.0	0.0	0.0	0.0	0.0	0.0	0.0	0.0	0.0	0.0015	0.0	0.0	0.0	0.0	0.0	0.0	0.0	0.0	0.0	0.0	0.0	0.0	0.0	
Ruff (<em class="sci">Calidris pugnax</em>)	0.0	0.0	0.0	0.0	0.0	0.0	0.0	0.0	0.0	0.0	0.0	0.0	0.0	0.0015	0.16666666666666666	0.0	0.0015	0.0	0.0	0.0	0.0	0.0	0.0	0.0	0.0	0.0	0.0	0.0	0.0	0.0	0.0	0.0	0.0015	0.0	0.0015	0.0015	0.0	0.0	0.0	0.0015	0.0	0.0	0.0	0.0	0.0	0.0	0.0	0.0	
Curlew Sandpiper (<em class="sci">Calidris ferruginea</em>)	0.0	0.0	0.0	0.0	0.0	0.0	0.0	0.0	0.0	0.0	0.0	0.0	0.0	0.0	0.0	0.0	0.0	0.0	0.0	0.0	0.0	0.0	0.0	0.0	0.0	0.0	0.0	0.0	0.0	0.0	0.0	0.0	0.0015	0.0	0.0	0.0015	0.0	0.0	0.0	0.0	0.0	0.0	0.0	0.0	0.0	0.0	0.0	0.0	
Temminck's Stint (<em class="sci">Calidris temminckii</em>)	0.0	0.0	0.0	0.0	0.0	0.0	0.0	0.0	0.0	0.0	0.0	0.0	0.0	0.0	0.0	0.0	0.0	0.0	0.0	0.0	0.0	0.0	0.0	0.0	0.0	0.0	0.0	0.0015	0.0	0.0	0.0	0.0	0.0	0.0	0.0	0.0	0.0	0.0	0.0	0.0	0.0	0.0	0.0	0.0	0.0	0.0	0.0	0.0	
Sanderling (<em class="sci">Calidris alba</em>)	0.0	0.0	0.0	0.0	0.0	0.0	0.0	0.0	0.0	0.0	0.0	0.0	0.0	0.0	0.0	0.0	0.0015	0.0	0.0	0.0	0.0	0.0	0.0	0.0	0.0	0.0	0.0	0.0	0.0	0.0	0.0	0.0	0.0015	0.0	0.0	0.0	0.0	0.0	0.0	0.0015	0.0	0.0	0.0	0.0	0.0	0.0	0.0	0.0	
Dunlin (<em class="sci">Calidris alpina</em>)	0.0	0.0	0.0	0.0	0.0	0.0	0.0	0.0	0.0	0.0	0.0	0.0	0.0	0.0	0.16666666666666666	0.0	0.0	0.0	0.0	0.0	0.0	0.0	0.0	0.0	0.0	0.0	0.0	0.0	0.0	0.0	0.0	0.0	0.0015	0.0015	0.0015	0.0015	0.0015	0.0	0.0015	0.0015	0.0	0.0	0.0	0.0	0.0	0.0	0.0	0.0	
Little Stint (<em class="sci">Calidris minuta</em>)	0.0	0.0	0.0	0.0	0.0	0.0	0.0	0.0	0.0	0.0	0.0	0.0	0.0	0.0	0.0	0.0	0.0	0.0	0.0	0.0	0.0	0.0	0.0	0.0	0.0	0.0	0.0	0.0	0.0	0.0	0.0	0.0	0.0	0.0015	0.0015	0.0015	0.0015	0.0	0.3333333333333333	0.0	0.0	0.0	0.0	0.0	0.0	0.0	0.0	0.0	
Pectoral Sandpiper (<em class="sci">Calidris melanotos</em>)	0.0	0.0	0.0	0.0	0.0	0.0	0.0	0.0	0.0	0.0	0.0	0.0	0.0	0.0	0.0	0.0	0.0	0.0	0.0	0.0	0.0	0.0	0.0	0.0	0.0	0.0	0.0	0.0	0.0	0.0	0.0	0.0	0.0	0.0	0.0015	0.0	0.0	0.0	0.0	0.0	0.0	0.0	0.0	0.0	0.0	0.0	0.0	0.0	
Jack Snipe (<em class="sci">Lymnocryptes minimus</em>)	0.06666666666666667	0.0	0.0	0.05555555555555555	0.0	0.0	0.0015	0.0	0.0	0.3333333333333333	0.0	0.0	0.0	0.0	0.0	0.0	0.0	0.0	0.0	0.0	0.0	0.0	0.0	0.0	0.0	0.0	0.0	0.0	0.0	0.0	0.0	0.0	0.0	0.0	0.0	0.0	0.0	0.0	0.0	0.0	0.0	0.0	0.0	0.0	0.0	0.0	0.0	0.0	
Common Snipe (<em class="sci">Gallinago gallinago</em>)	0.06666666666666667	0.0	0.0	0.05555555555555555	0.0	0.0015	0.0015	0.0	0.0	0.3333333333333333	0.0	0.09090909090909091	0.0	0.2	0.0	0.0	0.0	0.0	0.0	0.25	0.0	0.0	0.0	0.25	0.0	0.0	0.0	0.0	0.0	0.0	0.0	0.0	0.16666666666666666	0.0	0.0	0.0015	0.0015	0.0	0.0	0.3333333333333333	0.14285714285714285	0.0	0.0	0.0	0.0	0.0	0.0	0.0	
Eurasian Woodcock (<em class="sci">Scolopax rusticola</em>)	0.0	0.0	0.14285714285714285	0.0	0.0	0.0	0.0	0.0	0.0	0.0	0.0	0.0	0.0	0.0	0.0	0.0	0.0	0.0	0.0	0.0	0.0	0.0	0.0	0.0	0.0	0.0	0.0	0.0	0.0	0.0	0.0	0.0	0.0	0.0	0.0	0.0	0.0	0.0	0.0	0.0	0.0	0.0	0.0	0.0	0.0	0.0	0.0	0.0	
Black-headed Gull (<em class="sci">Chroicocephalus ridibundus</em>)	0.13333333333333333	1.0	0.42857142857142855	0.16666666666666666	0.35714285714285715	1.0	0.0	0.0	0.16666666666666666	0.3333333333333333	0.2	0.2727272727272727	0.2222222222222222	0.0	0.0	0.0	0.0	0.0015	0.0	0.0	0.16666666666666666	0.0	0.0015	0.25	0.3333333333333333	0.125	0.2222222222222222	0.25	0.2857142857142857	0.0	0.0	0.0	0.0015	0.09090909090909091	0.16666666666666666	0.25	0.0	0.25	0.3333333333333333	0.3333333333333333	0.0	0.25	1.0	0.0	0.0	0.75	1.0	0.2222222222222222	
Little Gull (<em class="sci">Hydrocoloeus minutus</em>)	0.0	0.0	0.0	0.0	0.0	0.0	0.0	0.0	0.0	0.0	0.0	0.0	0.0	0.0	0.0	0.0	0.0	0.0	0.0	0.0015	0.0	0.0	0.0	0.0	0.0	0.0	0.0	0.0	0.0	0.0	0.0	0.0	0.0	0.0	0.0	0.0	0.0	0.0	0.0	0.0	0.0	0.0	0.0	0.0	0.0	0.0	0.0	0.0	
Mediterranean Gull (<em class="sci">Ichthyaetus melanocephalus</em>)	0.0	0.0	0.0	0.0	0.0	0.0	0.0	0.0	0.0	0.0	0.0	0.0	0.0	0.0	0.0	0.0	0.0015	0.0	0.0	0.0	0.0	0.0	0.0	0.0	0.0015	0.0	0.0	0.0	0.0	0.0	0.0	0.0	0.0	0.0	0.0	0.0	0.0	0.0	0.0	0.0	0.0	0.0	0.0	0.0	0.0	0.0	0.0	0.0	
Mew Gull (<em class="sci">Larus canus</em>)	0.06666666666666667	0.0	0.14285714285714285	0.0	0.10714285714285714	0.0	0.0	0.0	0.0	0.3333333333333333	0.0	0.09090909090909091	0.1111111111111111	0.0	0.0	0.0	0.0	0.0	0.0	0.0	0.0	0.0	0.0	0.0	0.0	0.0	0.0	0.0	0.0	0.0	0.0	0.0	0.0	0.0	0.0	0.0	0.0	0.0	0.0	0.0	0.0	0.25	0.0	0.0	0.0	0.25	0.0	0.16666666666666666	
Herring Gull (<em class="sci">Larus argentatus</em>)	0.0	0.0	0.0	0.0	0.0	0.0	0.0	0.0	0.0	0.0	0.0	0.0	0.0	0.0	0.0	0.0	0.0	0.0	0.0	0.0	0.0	0.0	0.0	0.0	0.08333333333333333	0.0	0.0	0.0	0.0	0.0	0.0	0.0	0.0	0.0	0.0	0.0	0.0	0.0	0.0	0.0	0.0	0.0	0.0	0.0	0.0	0.0	0.0	0.0	
Yellow-legged Gull (<em class="sci">Larus michahellis</em>)	0.2	1.0	0.5714285714285714	0.2222222222222222	0.42857142857142855	0.0	0.0	0.2	0.3333333333333333	0.3333333333333333	0.0015	0.18181818181818182	0.0015	0.0	0.0	0.0	0.0	0.0	0.0015	0.0015	0.16666666666666666	0.0	0.0	0.0	0.25	0.0	0.0	0.0	0.0	0.0	0.0	0.0	0.0	0.0	0.0	0.0	0.0	0.0	0.0	0.0	0.0	0.25	0.0	0.0	0.0	0.25	0.0	0.3333333333333333	
Caspian Gull (<em class="sci">Larus cachinnans</em>)	0.0	0.0	0.2857142857142857	0.0	0.03571428571428571	0.0	0.0	0.0	0.3333333333333333	0.0	0.0	0.0	0.0	0.0	0.0	0.0	0.0	0.0	0.0	0.0	0.0	0.0	0.0	0.0	0.0	0.0	0.0	0.0	0.0	0.0	0.0	0.0	0.0	0.0	0.0	0.0	0.0	0.0	0.0	0.0	0.0	0.0	0.0	0.0	0.0	0.0	0.0	0.0	
Lesser Black-backed Gull (<em class="sci">Larus fuscus</em>)	0.0	0.0	0.2857142857142857	0.0	0.0	0.0	0.0	0.0	0.16666666666666666	0.3333333333333333	0.0	0.0	0.0	0.0	0.0	0.0	0.0	0.0	0.0	0.0	0.0	0.0	0.0	0.0	0.0	0.0	0.0	0.0	0.0	0.0	0.0	0.0	0.0	0.0	0.0	0.0	0.0	0.0	0.0	0.0	0.0	0.0	0.0	0.0	0.0	0.0	0.0	0.05555555555555555	
Great Black-backed Gull (<em class="sci">Larus marinus</em>)	0.0	0.0	0.0	0.0	0.0	0.0	0.0	0.0	0.0	0.0	0.0	0.0015	0.0	0.0	0.0	0.0	0.0	0.0	0.0	0.0	0.0	0.0	0.0	0.0	0.0	0.0	0.0	0.0	0.0	0.0	0.0	0.0	0.0	0.0	0.0	0.0	0.0	0.0	0.0	0.0	0.0	0.0	0.0	0.0	0.0	0.0	0.0	0.0	
Black Tern (<em class="sci">Chlidonias niger</em>)	0.0	0.0	0.0	0.0	0.0	0.0	0.0	0.0	0.0	0.0	0.0	0.0	0.0	0.0	0.0	0.0	0.0015	0.0	0.0	0.0	0.0	0.0	0.0	0.0	0.0	0.0	0.0	0.0	0.0	0.0	0.0	0.0	0.0	0.0	0.0	0.0	0.0	0.0	0.0	0.0	0.0	0.0	0.0	0.0	0.0	0.0	0.0	0.0	
Common Tern (<em class="sci">Sterna hirundo</em>)	0.0	0.0	0.0	0.0	0.0	0.0	0.0	0.0	0.0	0.0	0.0	0.0	0.0	0.0	0.0	0.0	0.0	0.0	0.0015	0.0	0.16666666666666666	0.0625	0.0	0.0015	0.08333333333333333	0.0	0.1111111111111111	0.25	0.0	0.0	0.0	0.0	0.0	0.0	0.0	0.0	0.0	0.0	0.0	0.0	0.0	0.0	0.0	0.0	0.0	0.0	0.0	0.0	
Rock Dove (<em class="sci">Columba livia</em>)	0.26666666666666666	1.0	0.2857142857142857	0.05555555555555555	0.35714285714285715	1.0	0.0	0.2	0.16666666666666666	0.3333333333333333	0.4	0.0	0.2222222222222222	0.6	0.16666666666666666	0.25	0.6666666666666666	0.4166666666666667	0.4	0.25	0.0	0.1875	0.0	1.0	0.08333333333333333	0.375	0.1111111111111111	0.5	0.2857142857142857	0.0	0.5	0.1111111111111111	0.3333333333333333	0.36363636363636365	0.6666666666666666	0.75	0.6666666666666666	0.75	0.0	0.5	0.5714285714285714	0.25	1.0	0.0	0.0	0.25	1.0	0.16666666666666666	
Stock Dove (<em class="sci">Columba oenas</em>)	0.06666666666666667	0.0	0.0	0.0	0.03571428571428571	0.0	0.0	0.0	0.0	0.0	0.0	0.09090909090909091	0.0	0.2	0.16666666666666666	0.0	0.0	0.0	0.0	0.25	0.16666666666666666	0.0	0.0	0.5	0.08333333333333333	0.0	0.0	0.0	0.0	0.0	0.0	0.1111111111111111	0.3333333333333333	0.0	0.16666666666666666	0.0	0.3333333333333333	0.0	0.0	0.5	0.42857142857142855	0.0	0.0	0.0	0.0	0.0	1.0	0.0	
Common Wood-Pigeon (<em class="sci">Columba palumbus</em>)	0.26666666666666666	0.0	0.42857142857142855	0.2222222222222222	0.2857142857142857	0.0	0.0	0.0	0.3333333333333333	0.6666666666666666	0.4	0.45454545454545453	0.4444444444444444	0.8	0.3333333333333333	0.25	0.6666666666666666	0.4166666666666667	0.0	0.0	0.16666666666666666	0.25	0.0	1.0	0.3333333333333333	0.125	0.3333333333333333	1.0	0.7142857142857143	0.0	0.5	0.2222222222222222	0.5	0.18181818181818182	0.6666666666666666	0.75	0.6666666666666666	0.25	0.3333333333333333	1.0	0.8571428571428571	0.5	0.0	0.0	0.0	0.0	0.0	0.3888888888888889	
European Turtle-Dove (<em class="sci">Streptopelia turtur</em>)	0.0	0.0	0.0	0.0	0.0	0.0	0.0	0.0	0.0	0.0	0.0	0.0	0.0	0.0	0.0	0.0	0.0	0.25	0.2	0.25	0.6666666666666666	0.125	0.0	0.5	0.0	0.125	0.1111111111111111	0.0	0.0	0.0	0.0	0.0	0.16666666666666666	0.0	0.0	0.0	0.0	0.0	0.0	0.0	0.0	0.0	0.0	0.0	0.0	0.0	0.0	0.0	
Eurasian Collared-Dove (<em class="sci">Streptopelia decaocto</em>)	0.06666666666666667	0.0	0.0	0.05555555555555555	0.07142857142857142	0.0	0.0	0.0	0.16666666666666666	0.0	0.4	0.09090909090909091	0.4444444444444444	0.4	0.16666666666666666	0.25	0.6666666666666666	0.3333333333333333	0.4	0.25	0.16666666666666666	0.25	0.0	0.25	0.08333333333333333	0.25	0.1111111111111111	0.0	0.2857142857142857	0.0	0.0	0.0	0.0	0.09090909090909091	0.6666666666666666	0.25	0.3333333333333333	0.25	0.0	0.16666666666666666	0.14285714285714285	0.25	0.0	0.0	0.0	0.25	0.0	0.1111111111111111	
Common Cuckoo (<em class="sci">Cuculus canorus</em>)	0.0	0.0	0.0	0.0	0.0	0.0	0.0	0.0	0.0	0.0	0.0	0.09090909090909091	0.0	0.2	0.5	0.25	0.3333333333333333	0.3333333333333333	0.6	0.5	0.3333333333333333	0.25	0.0	0.5	0.0	0.0	0.1111111111111111	0.25	0.0	0.0	0.0	0.0	0.0	0.0	0.0	0.0	0.0	0.0	0.0	0.0	0.0	0.0	0.0	0.0	0.0	0.0	0.0	0.0	
Barn Owl (<em class="sci">Tyto alba</em>)	0.0	0.0	0.0	0.0	0.0	0.0	0.0	0.0	0.0	0.0	0.0	0.0	0.0	0.0	0.0	0.0	0.0	0.0	0.0	0.25	0.0	0.0	0.3333333333333333	0.0	0.0	0.125	0.0	0.0	0.0	0.0	0.0	0.0	0.0	0.0	0.0	0.0	0.0	0.0	0.0	0.0	0.0	0.0	0.0	0.0	0.0	0.0	0.0	0.0	
Little Owl (<em class="sci">Athene noctua</em>)	0.0	0.0	0.0	0.0	0.0	0.0	0.0	0.0	0.0	0.0	0.0	0.0	0.0	0.0	0.0	0.0	0.0	0.0	0.0	0.0	0.0	0.0	0.3333333333333333	0.0	0.0	0.0	0.0	0.0	0.0	0.0	0.0	0.0	0.0	0.0	0.0	0.0	0.0	0.0	0.0	0.0	0.0	0.0	0.0	0.0	0.0	0.0	0.0	0.0	
Tawny Owl (<em class="sci">Strix aluco</em>)	0.0	0.0	0.0	0.0	0.0	0.0	0.0	0.0	0.0	0.0	0.0	0.0	0.0	0.0	0.0	0.0	0.3333333333333333	0.0	0.0	0.25	0.0	0.0	0.3333333333333333	0.0	0.0	0.0	0.0	0.0	0.0	0.0	0.0	0.0	0.0	0.0	0.0	0.0	0.3333333333333333	0.0	0.0	0.16666666666666666	0.42857142857142855	0.0	0.0	0.0	0.0	0.0	0.0	0.0	
Long-eared Owl (<em class="sci">Asio otus</em>)	0.0	0.0	0.0	0.0015	0.0	0.0	0.0	0.0	0.0	0.3333333333333333	0.0	0.0	0.0	0.0	0.0	0.0	0.0	0.0	0.0	0.0	0.0	0.0	0.3333333333333333	0.0	0.0	0.0	0.0	0.0	0.0	0.0	0.0	0.0	0.0	0.0	0.0	0.0	0.0	0.0	0.0	0.16666666666666666	0.0	0.0	0.0	0.0	0.0	0.0	0.0	0.0	
Eurasian Nightjar (<em class="sci">Caprimulgus europaeus</em>)	0.0	0.0	0.0	0.0	0.0	0.0	0.0	0.0	0.0	0.0	0.0	0.0	0.0	0.0	0.0	0.0	0.0	0.0	0.0	0.0	0.0	0.0	0.0	0.0	0.0	0.125	0.0	0.0	0.0	0.0	0.0	0.0	0.0	0.0	0.0	0.0	0.0	0.0	0.0	0.0	0.0	0.0	0.0	0.0	0.0	0.0	0.0	0.0	
Alpine Swift (<em class="sci">Apus melba</em>)	0.0	0.0	0.0	0.0	0.0	0.0	0.0	0.0	0.0	0.0	0.0	0.0	0.0	0.0	0.0	0.0	0.0	0.08333333333333333	0.0	0.0	0.0	0.0	0.0	0.25	0.0015	0.0	0.0	0.0	0.0	0.0	0.0	0.0	0.0	0.0	0.0	0.0	0.0	0.0	0.0	0.0	0.0	0.0	0.0	0.0	0.0	0.0	0.0	0.0	
Common Swift (<em class="sci">Apus apus</em>)	0.0	0.0	0.0	0.0	0.0	0.0	0.0	0.0	0.0	0.0	0.0	0.0	0.0	0.0	0.0	0.25	0.3333333333333333	0.4166666666666667	0.0015	0.5	0.3333333333333333	0.4375	0.0	0.75	0.5833333333333334	0.375	0.3333333333333333	0.5	0.14285714285714285	0.0	0.0	0.4444444444444444	0.3333333333333333	0.0	0.0	0.0	0.0	0.0	0.0	0.0	0.0	0.0	0.0	0.0	0.0	0.0	0.0	0.0	
Common Kingfisher (<em class="sci">Alcedo atthis</em>)	0.0	0.0	0.0	0.0015	0.03571428571428571	0.0	0.0	0.2	0.3333333333333333	0.3333333333333333	0.0	0.0	0.0	0.0	0.0	0.25	0.3333333333333333	0.16666666666666666	0.0015	0.5	0.0	0.0625	0.0	0.25	0.0015	0.0	0.1111111111111111	0.25	0.0	0.0	0.0	0.0	0.0	0.0	0.16666666666666666	0.0015	0.3333333333333333	0.0	0.0	0.3333333333333333	0.5714285714285714	0.0	0.0	0.0	0.0	0.0	0.0	0.05555555555555555	
Eurasian Hoopoe (<em class="sci">Upupa epops</em>)	0.0	0.0	0.0	0.0	0.0	0.0	0.0	0.0	0.0	0.0	0.0	0.0	0.0	0.0	0.0	0.0	0.0015	0.0	0.0	0.0	0.3333333333333333	0.0	0.0	0.0	0.0	0.125	0.0	0.0	0.0	0.0	0.0	0.0	0.0	0.0	0.0	0.0	0.0	0.0	0.0	0.0	0.0	0.0	0.0	0.0	0.0	0.0	0.0	0.0	
Eurasian Wryneck (<em class="sci">Jynx torquilla</em>)	0.0	0.0	0.0	0.0	0.0	0.0	0.0	0.0	0.0	0.0	0.0	0.0	0.1111111111111111	0.0	0.0	0.0	0.0	0.0	0.0	0.0	0.0	0.0625	0.0	0.0	0.0	0.125	0.0	0.0	0.0	0.0	0.0	0.0	0.0	0.0	0.0	0.0	0.0	0.0	0.0	0.0	0.0	0.0	0.0	0.0	0.0	0.0	0.0	0.0	
Lesser Spotted Woodpecker (<em class="sci">Dendrocopos minor</em>)	0.0	0.0	0.0	0.1111111111111111	0.03571428571428571	0.0	0.0	0.0	0.0	0.0	0.0015	0.09090909090909091	0.1111111111111111	0.2	0.0	0.0	0.0	0.0	0.0	0.5	0.0	0.0625	0.0	0.0	0.0	0.0	0.0	0.0	0.14285714285714285	0.0	0.0	0.0	0.0	0.0	0.0	0.0	0.0	0.0	0.0	0.3333333333333333	0.14285714285714285	0.0	0.0	0.0	0.0	0.0	0.0	0.0	
Middle Spotted Woodpecker (<em class="sci">Dendrocopos medius</em>)	0.0	0.0	0.0	0.05555555555555555	0.07142857142857142	0.0	0.0	0.0	0.0	0.0	0.2	0.0	0.0	0.4	0.0	0.0	0.0	0.08333333333333333	0.0	0.0	0.0	0.0625	0.0	0.25	0.0	0.0	0.1111111111111111	0.25	0.0	0.0	0.0	0.0	0.0	0.0	0.0	0.0	0.0	0.0	0.0	0.16666666666666666	0.14285714285714285	0.0	0.0	0.0	0.0	0.0	0.0	0.0	
Great Spotted Woodpecker (<em class="sci">Dendrocopos major</em>)	0.13333333333333333	0.0	0.14285714285714285	0.4444444444444444	0.25	0.0	0.0	0.4	0.16666666666666666	0.3333333333333333	0.2	0.45454545454545453	0.2222222222222222	0.4	0.16666666666666666	0.25	0.6666666666666666	0.6666666666666666	0.6	0.5	0.16666666666666666	0.25	0.0	0.75	0.16666666666666666	0.25	0.1111111111111111	0.0	0.14285714285714285	0.0	0.0	0.0	0.16666666666666666	0.18181818181818182	0.3333333333333333	0.0015	0.3333333333333333	0.75	0.0	0.8333333333333334	0.8571428571428571	0.5	0.0015	0.0	0.0	0.25	0.0	0.4444444444444444	
Black Woodpecker (<em class="sci">Dryocopus martius</em>)	0.0	0.0	0.0	0.16666666666666666	0.07142857142857142	0.0	0.0	0.0	0.16666666666666666	0.3333333333333333	0.2	0.18181818181818182	0.0	0.0	0.16666666666666666	0.0	0.3333333333333333	0.08333333333333333	0.2	0.0	0.16666666666666666	0.125	0.0	0.0	0.0	0.125	0.0	0.0	0.0	0.0	0.0	0.0	0.0	0.0	0.0	0.0015	0.0	0.0	0.0	0.0	0.0	0.25	0.0	0.0	0.0	0.25	0.0	0.0	
Eurasian Green Woodpecker (<em class="sci">Picus viridis</em>)	0.0	0.0	0.0	0.2777777777777778	0.17857142857142858	0.0	0.0	0.4	0.16666666666666666	0.3333333333333333	0.2	0.36363636363636365	0.3333333333333333	0.4	0.16666666666666666	0.25	0.3333333333333333	0.4166666666666667	0.4	0.5	0.16666666666666666	0.0625	0.0	0.5	0.16666666666666666	0.125	0.2222222222222222	0.0	0.0	0.0	0.0	0.1111111111111111	0.0	0.0	0.3333333333333333	0.0	0.3333333333333333	0.75	0.0	0.5	0.7142857142857143	0.0	0.0	0.0	0.0	0.0	0.0	0.1111111111111111	
Grey-headed Woodpecker (<em class="sci">Picus canus</em>)	0.0	0.0	0.0	0.0	0.0	0.0	0.0	0.0	0.16666666666666666	0.0	0.0	0.0	0.0	0.2	0.0	0.0	0.0	0.0	0.0	0.0	0.0	0.0	0.0	0.5	0.0	0.125	0.0	0.25	0.0	0.0	0.0	0.0	0.0	0.0	0.0	0.0015	0.3333333333333333	0.0	0.0	0.0	0.14285714285714285	0.0	0.0	0.0	0.0	0.0	0.0	0.0	
Common Kestrel (<em class="sci">Falco tinnunculus</em>)	0.06666666666666667	0.0	0.14285714285714285	0.16666666666666666	0.07142857142857142	0.0	0.0	0.0	0.16666666666666666	0.3333333333333333	0.0	0.45454545454545453	0.3333333333333333	0.2	0.16666666666666666	0.0	0.3333333333333333	0.25	0.4	0.25	0.3333333333333333	0.1875	0.0	0.5	0.16666666666666666	0.25	0.2222222222222222	0.25	0.14285714285714285	0.0	0.0	0.0	0.5	0.09090909090909091	0.5	0.0015	0.6666666666666666	0.5	0.0	0.5	0.5714285714285714	0.25	0.0	0.0	0.0	0.25	0.0	0.16666666666666666	
Red-footed Falcon (<em class="sci">Falco vespertinus</em>)	0.0	0.0	0.0	0.0	0.0	0.0	0.0	0.0	0.0	0.0	0.0	0.0	0.0	0.0	0.0	0.0	0.0	0.0	0.0015	0.0	0.0	0.0	0.0	0.0	0.0	0.0	0.0	0.0	0.0	0.0	0.0	0.0	0.0	0.0	0.0	0.0	0.0	0.0	0.0	0.0	0.0	0.0	0.0	0.0	0.0	0.0	0.0	0.0	
Merlin (<em class="sci">Falco columbarius</em>)	0.0	0.0	0.0	0.0	0.03571428571428571	0.0	0.0	0.0	0.0	0.3333333333333333	0.0	0.0	0.0	0.0	0.0	0.0	0.0	0.0	0.0	0.0	0.0	0.0	0.0	0.0	0.0	0.0	0.0	0.0	0.0	0.0	0.0	0.0	0.0	0.0	0.0	0.0	0.0	0.0015	0.0	0.0	0.0	0.0	0.0	0.0	0.0	0.0	0.0	0.0	
Eurasian Hobby (<em class="sci">Falco subbuteo</em>)	0.0	0.0	0.0	0.0	0.0	0.0	0.0	0.0	0.0	0.0	0.0	0.0	0.0	0.0	0.0	0.0	0.0	0.0	0.0	0.0	0.0	0.125	0.0	0.5	0.08333333333333333	0.125	0.2222222222222222	0.0	0.14285714285714285	0.0	0.0	0.0	0.0	0.0	0.0	0.0	0.0	0.0	0.0	0.0	0.0	0.0	0.0	0.0	0.0	0.0	0.0	0.0	
Peregrine Falcon (<em class="sci">Falco peregrinus</em>)	0.0	0.0	0.0	0.0	0.03571428571428571	0.0	0.0	0.0	0.0	0.0	0.0015	0.0	0.0	0.0	0.0015	0.0	0.0	0.08333333333333333	0.0	0.0	0.0	0.0625	0.0	0.25	0.0015	0.0015	0.0	0.25	0.0	0.0	0.0	0.0	0.0	0.09090909090909091	0.0	0.0	0.3333333333333333	0.0	0.0	0.0	0.14285714285714285	0.0	0.0	0.0	0.0	0.0	0.0	0.0	
Red-backed Shrike (<em class="sci">Lanius collurio</em>)	0.0	0.0	0.0	0.0	0.0	0.0	0.0	0.0	0.0	0.0	0.0	0.0	0.0	0.0	0.0	0.0	0.0015	0.16666666666666666	0.0	0.0015	0.5	0.125	0.0	0.75	0.16666666666666666	0.125	0.1111111111111111	0.5	0.0	0.0	0.0	0.0	0.0	0.0	0.0	0.0	0.0	0.0	0.0	0.0	0.0	0.0	0.0	0.0	0.0	0.0	0.0	0.0	
Great Grey Shrike (<em class="sci">Lanius excubitor</em>)	0.0	0.0	0.0	0.0	0.0	0.0	0.0	0.0015	0.0	0.0	0.0	0.0	0.0	0.0	0.0	0.0	0.0	0.08333333333333333	0.0	0.0	0.0	0.0625	0.0	0.0	0.0	0.0	0.0	0.0	0.0	0.0	0.0	0.0	0.0	0.0	0.0	0.0	0.0	0.0	0.0	0.16666666666666666	0.42857142857142855	0.0	0.0	0.0	0.0	0.0	0.0	0.0	
Lesser Grey Shrike (<em class="sci">Lanius minor</em>)	0.0	0.0	0.0	0.0	0.0	0.0	0.0	0.0	0.0	0.0	0.0	0.0	0.0	0.0	0.0	0.0	0.0015	0.0	0.0	0.25	0.0	0.0	0.0	0.0	0.0	0.0	0.0	0.0	0.0	0.0	0.0	0.0	0.0	0.0	0.0	0.0	0.0	0.0	0.0	0.0	0.0	0.0	0.0	0.0	0.0	0.0	0.0	0.0	
Woodchat Shrike (<em class="sci">Lanius senator</em>)	0.0	0.0	0.0	0.0	0.0	0.0	0.0	0.0	0.0	0.0	0.0	0.0	0.0	0.0	0.0	0.0	0.0	0.0	0.0	0.25	0.16666666666666666	0.0	0.0	0.0	0.0	0.0	0.0	0.0	0.0	0.0	0.0	0.0	0.0	0.0	0.0	0.0	0.0	0.0	0.0	0.0	0.0	0.0	0.0	0.0	0.0	0.0	0.0	0.0	
Eurasian Golden Oriole (<em class="sci">Oriolus oriolus</em>)	0.0	0.0	0.0	0.0	0.0	0.0	0.0	0.0	0.0	0.0	0.0	0.0	0.0	0.0	0.0	0.25	0.6666666666666666	0.5	0.6	0.5	0.3333333333333333	0.125	0.0	0.75	0.25	0.0	0.1111111111111111	0.5	0.0	0.0	0.5	0.0	0.0	0.0	0.0	0.0	0.0	0.0	0.0	0.0	0.0	0.0	0.0	0.0	0.0	0.0	0.0	0.0	
Eurasian Jay (<em class="sci">Garrulus glandarius</em>)	0.06666666666666667	0.0	0.14285714285714285	0.4444444444444444	0.10714285714285714	0.0	0.0	0.4	0.16666666666666666	0.3333333333333333	0.4	0.36363636363636365	0.2222222222222222	0.8	0.16666666666666666	0.25	0.6666666666666666	0.5833333333333334	0.6	0.25	0.16666666666666666	0.4375	0.0	0.75	0.25	0.125	0.1111111111111111	0.25	0.2857142857142857	0.0	0.0	0.0	0.3333333333333333	0.2727272727272727	0.6666666666666666	0.5	0.6666666666666666	0.75	0.3333333333333333	0.6666666666666666	0.8571428571428571	0.75	0.0015	0.0	0.0	0.5	0.0	0.3888888888888889	
Common Magpie (<em class="sci">Pica pica</em>)	0.3333333333333333	0.0	0.0	0.5555555555555556	0.35714285714285715	0.0	0.0	0.2	0.0	0.3333333333333333	0.4	0.45454545454545453	0.2222222222222222	1.0	0.16666666666666666	0.0	0.3333333333333333	0.4166666666666667	0.2	0.5	0.5	0.25	0.0	0.75	0.3333333333333333	0.375	0.2222222222222222	0.75	0.2857142857142857	0.0	0.5	0.0	0.3333333333333333	0.18181818181818182	0.5	0.25	1.0	0.75	0.0	0.6666666666666666	0.8571428571428571	0.5	0.0015	0.0	0.0	0.5	0.0	0.3333333333333333	
Eurasian Nutcracker (<em class="sci">Nucifraga caryocatactes</em>)	0.0	0.0	0.0	0.0	0.0	0.0	0.0	0.0	0.0	0.0	0.0	0.0	0.0	0.0	0.0	0.0	0.0	0.0	0.0	0.0	0.0	0.0625	0.0	0.0	0.0	0.0	0.0	0.0	0.0	0.0	0.0	0.0	0.0	0.0	0.0	0.0015	0.0	0.0	0.0	0.0	0.0	0.0	0.0	0.0	0.0	0.0	0.0	0.0	
Eurasian Jackdaw (<em class="sci">Corvus monedula</em>)	0.06666666666666667	0.0	0.14285714285714285	0.05555555555555555	0.07142857142857142	0.0	0.0	0.0	0.16666666666666666	0.0	0.4	0.09090909090909091	0.1111111111111111	0.2	0.16666666666666666	0.25	0.3333333333333333	0.25	0.2	0.25	0.0	0.0625	0.0	0.0	0.08333333333333333	0.125	0.0	0.0015	0.0	0.0	0.0	0.0	0.16666666666666666	0.0	0.3333333333333333	0.0015	0.3333333333333333	0.0	0.6666666666666666	0.6666666666666666	0.8571428571428571	0.25	0.0015	0.0	0.0	0.25	0.0	0.2777777777777778	
Rook (<em class="sci">Corvus frugilegus</em>)	0.06666666666666667	0.0	0.14285714285714285	0.16666666666666666	0.21428571428571427	0.0	0.0	0.0	0.0	0.3333333333333333	0.2	0.2727272727272727	0.2222222222222222	0.2	0.16666666666666666	0.25	0.3333333333333333	0.25	0.0	0.0	0.0	0.0625	0.0	0.0	0.0	0.125	0.0	0.0	0.42857142857142855	0.0	0.0	0.0	0.0	0.0	0.16666666666666666	0.5	0.3333333333333333	0.5	0.6666666666666666	0.8333333333333334	0.2857142857142857	0.25	0.0	0.0	0.0	0.5	1.0	0.16666666666666666	
Carrion Crow (<em class="sci">Corvus corone</em>)	0.6666666666666666	1.0	0.42857142857142855	0.6111111111111112	0.7142857142857143	0.0	0.0	0.6	0.3333333333333333	1.0	0.8	0.6363636363636364	0.5555555555555556	1.0	0.16666666666666666	0.25	0.6666666666666666	0.5833333333333334	0.4	0.5	0.6666666666666666	0.5	0.3333333333333333	1.0	0.5833333333333334	0.625	0.3333333333333333	0.75	0.2857142857142857	0.0	1.0	0.3333333333333333	0.5	0.18181818181818182	0.6666666666666666	1.0	0.6666666666666666	0.5	0.0	0.6666666666666666	0.8571428571428571	0.75	1.0	0.0	0.0	0.75	1.0	0.8333333333333334	
Hooded Crow (<em class="sci">Corvus cornix</em>)	0.0	0.0	0.0	0.0	0.0	0.0	0.0	0.0	0.0	0.0	0.2	0.0	0.0	0.0	0.0	0.0	0.0	0.0	0.0	0.0	0.0	0.0	0.0	0.0	0.0	0.0	0.0	0.0	0.0	0.0	0.0	0.0	0.0	0.0	0.0	0.0	0.0	0.0	0.0	0.0	0.0	0.0	0.0	0.0	0.0	0.0	0.0	0.0	
crow sp. (<em class="sci">Corvus sp. (crow sp.)</em>)	0.0	0.0	0.0	0.0	0.0	0.0	0.0	0.0	0.0	0.0	0.0	0.0	0.0	0.0	0.0	0.0	0.0	0.0	0.0	0.0	0.0	0.0	0.0	0.0	0.0	0.0	0.0	0.0	0.0	0.0	0.0	0.0	0.0	0.09090909090909091	0.0	0.0	0.0	0.0	0.0	0.0	0.0	0.0	0.0	0.0	0.0	0.0	0.0	0.0	
Common Raven (<em class="sci">Corvus corax</em>)	0.0	0.0	0.0015	0.05555555555555555	0.03571428571428571	0.0	0.0	0.0	0.0	0.0	0.0	0.09090909090909091	0.0	0.2	0.0	0.0	0.0	0.0	0.0	0.0	0.0	0.0625	0.0	0.0	0.0	0.125	0.0	0.0	0.0	0.0	0.0	0.0	0.0	0.09090909090909091	0.0	0.0015	0.0015	0.0	0.0	0.0	0.14285714285714285	0.0	0.0	0.0	0.0	0.0	0.0	0.1111111111111111	
Crested Lark (<em class="sci">Galerida cristata</em>)	0.0	0.0	0.0	0.0	0.0	0.0015	0.0	0.0	0.0	0.0	0.0	0.0	0.0	0.2	0.0	0.0	0.0	0.0	0.0	0.25	0.16666666666666666	0.0	0.0	0.0	0.0	0.0	0.0	0.0	0.0	0.0	0.0	0.0	0.0	0.0	0.0	0.0	0.0	0.0	0.0	0.0	0.0	0.0	0.0	0.0	0.0	0.0	0.0	0.0	
Skylark (<em class="sci">Alauda arvensis</em>)	0.0	0.0	0.0	0.05555555555555555	0.03571428571428571	0.0	0.0	0.0	0.16666666666666666	0.3333333333333333	0.2	0.0	0.1111111111111111	0.2	0.5	0.0	0.3333333333333333	0.25	0.0	0.25	0.3333333333333333	0.125	0.0	0.0015	0.0	0.0	0.1111111111111111	0.0	0.0	0.0	0.0	0.0	0.16666666666666666	0.0	0.0	0.0	0.0	0.25	0.6666666666666666	0.3333333333333333	0.14285714285714285	0.0	0.0	0.0	0.0	0.0	0.0	0.0	
Woodlark (<em class="sci">Lullula arborea</em>)	0.0	0.0	0.0	0.0	0.0	0.0	0.0	0.0	0.0	0.0	0.0	0.0	0.0	0.0	0.0	0.0	0.0	0.0	0.0	0.25	0.0	0.0	0.0	0.0	0.0	0.0	0.0	0.0	0.0	0.0	0.0	0.0	0.0	0.0	0.0	0.0	0.0	0.0	0.0	0.5	0.14285714285714285	0.0	0.0	0.0	0.0	0.0	0.0	0.0	
Sand Martin (<em class="sci">Riparia riparia</em>)	0.0	0.0	0.0	0.0	0.0	0.0	0.0	0.0	0.0	0.0	0.0	0.0	0.1111111111111111	0.0	0.0	0.0	0.0015	0.0	0.0	0.25	0.16666666666666666	0.0625	0.0	0.0	0.08333333333333333	0.0	0.2222222222222222	0.0	0.0	0.0	0.0	0.3333333333333333	0.3333333333333333	0.0	0.0	0.0	0.0	0.0	0.0	0.0	0.0	0.0	0.0	0.0	0.0	0.0	0.0	0.0	
Eurasian Crag-Martin (<em class="sci">Ptyonoprogne rupestris</em>)	0.0	0.0	0.0	0.0	0.0	0.0	0.0	0.0	0.0	0.0	0.0	0.0	0.0	0.0	0.0	0.0	0.0	0.0015	0.0	0.0	0.16666666666666666	0.0	0.0	0.0	0.0	0.0	0.0	0.0	0.0	0.0	0.0	0.0	0.0	0.0	0.0	0.0	0.0	0.0	0.0	0.0	0.0	0.0	0.0	0.0	0.0	0.0	0.0	0.0	
Barn Swallow (<em class="sci">Hirundo rustica</em>)	0.0	0.0	0.0	0.0	0.0	0.0	0.0	0.0	0.0	0.0	0.0015	0.0	0.3333333333333333	0.4	0.3333333333333333	0.25	0.6666666666666666	0.6666666666666666	0.6	0.5	0.16666666666666666	0.3125	0.0	0.75	0.16666666666666666	0.625	0.1111111111111111	0.5	0.2857142857142857	0.0	0.5	0.5555555555555556	0.6666666666666666	0.0	0.16666666666666666	0.0015	0.0	0.0	0.0	0.0	0.0	0.0	0.0	0.0	0.0	0.0	0.0	0.0	
Common House-Martin (<em class="sci">Delichon urbicum</em>)	0.0	0.0	0.0	0.0	0.0	0.0	0.0	0.0	0.0	0.0	0.0	0.0	0.0015	0.0	0.16666666666666666	0.25	0.3333333333333333	0.5	0.4	0.75	0.16666666666666666	0.4375	0.0	0.75	0.3333333333333333	0.125	0.1111111111111111	0.75	0.2857142857142857	0.0	0.0	0.4444444444444444	0.6666666666666666	0.09090909090909091	0.5	0.0	0.3333333333333333	0.25	0.0	0.0	0.0	0.0	0.0	0.0	0.0	0.0	0.0	0.0	
Marsh Tit (<em class="sci">Poecile palustris</em>)	0.06666666666666667	0.0	0.0	0.4444444444444444	0.25	0.0	0.0	0.0	0.16666666666666666	0.3333333333333333	0.2	0.2727272727272727	0.2222222222222222	0.6	0.16666666666666666	0.25	0.6666666666666666	0.25	0.0	0.0	0.16666666666666666	0.1875	0.0	0.75	0.16666666666666666	0.0015	0.1111111111111111	0.0	0.0	0.0	0.5	0.0	0.16666666666666666	0.09090909090909091	0.3333333333333333	0.0015	0.6666666666666666	0.0	0.0	0.5	0.7142857142857143	0.0	0.0	0.0	0.0	0.0	0.0	0.3333333333333333	
Willow Tit (<em class="sci">Poecile montanus</em>)	0.0	0.0	0.14285714285714285	0.05555555555555555	0.0	0.0	0.0	0.0	0.0	0.0	0.0	0.0	0.1111111111111111	0.0	0.0	0.0	0.0	0.08333333333333333	0.0	0.0	0.16666666666666666	0.1875	0.0	0.25	0.0	0.0	0.0	0.0	0.14285714285714285	0.0	0.0	0.0	0.0	0.0	0.0	0.0	0.0015	0.0	0.0	0.16666666666666666	0.14285714285714285	0.0	0.0	0.0	0.0	0.0	0.0	0.0	
Marsh/Willow Tit (<em class="sci">Poecile palustris/montanus</em>)	0.0	0.0	0.0	0.0	0.0	0.0	0.0	0.0	0.0	0.0	0.0	0.0	0.0	0.0	0.0	0.0	0.0	0.0	0.0	0.0	0.0	0.0	0.0	0.0	0.0	0.0	0.0	0.0	0.0	0.0	0.0	0.0	0.0	0.0	0.0	0.0	0.0	0.25	0.0	0.0	0.0	0.0	0.0	0.0	0.0	0.0	0.0	0.0	
Coal Tit (<em class="sci">Periparus ater</em>)	0.0	0.0	0.0015	0.2222222222222222	0.0	0.0	0.0	0.2	0.16666666666666666	0.0	0.0	0.09090909090909091	0.0	0.0	0.16666666666666666	0.0	0.3333333333333333	0.08333333333333333	0.2	0.25	0.0	0.375	0.0	0.5	0.0015	0.0	0.0	0.0	0.0	0.0	0.0	0.0	0.16666666666666666	0.09090909090909091	0.16666666666666666	0.0015	0.6666666666666666	0.25	0.0	0.3333333333333333	0.0	0.25	0.0	0.0	0.0	0.25	0.0	0.05555555555555555	
Crested Tit (<em class="sci">Lophophanes cristatus</em>)	0.06666666666666667	0.0	0.0	0.2222222222222222	0.0	0.0	0.0	0.0	0.16666666666666666	0.0	0.0	0.0	0.0	0.0	0.16666666666666666	0.0	0.0	0.08333333333333333	0.2	0.0	0.0	0.125	0.0	0.0	0.0015	0.0015	0.0	0.0	0.0	0.0	0.0	0.0	0.16666666666666666	0.2727272727272727	0.16666666666666666	0.0	0.6666666666666666	0.25	0.0	0.3333333333333333	0.0	0.25	0.0	0.0	0.0	0.25	0.0	0.05555555555555555	
Great Tit (<em class="sci">Parus major</em>)	0.3333333333333333	0.0	0.42857142857142855	0.6111111111111112	0.6071428571428571	0.0	0.0	0.2	0.3333333333333333	0.6666666666666666	0.8	0.5454545454545454	0.5555555555555556	1.0	0.16666666666666666	0.25	1.0	0.6666666666666666	0.8	0.5	0.5	0.3125	0.0	1.0	0.25	0.0	0.3333333333333333	0.75	0.2857142857142857	0.0	1.0	0.0	0.5	0.2727272727272727	0.3333333333333333	0.5	0.6666666666666666	1.0	0.0	0.6666666666666666	1.0	0.75	0.0015	0.0	0.0	0.75	0.0	0.6666666666666666	
Blue Tit (<em class="sci">Cyanistes caeruleus</em>)	0.13333333333333333	0.0	0.42857142857142855	0.6111111111111112	0.42857142857142855	0.0	0.0	0.0	0.0	0.6666666666666666	0.6	0.36363636363636365	0.5555555555555556	0.6	0.16666666666666666	0.25	0.6666666666666666	0.5833333333333334	0.6	0.5	0.3333333333333333	0.25	0.0	0.75	0.16666666666666666	0.125	0.2222222222222222	0.75	0.2857142857142857	0.0	1.0	0.0	0.5	0.18181818181818182	0.3333333333333333	0.5	0.6666666666666666	0.75	0.0	0.6666666666666666	1.0	0.5	0.0015	0.0	0.0	0.5	0.0	0.6666666666666666	
Long-tailed Tit (<em class="sci">Aegithalos caudatus</em>)	0.06666666666666667	0.0	0.14285714285714285	0.3333333333333333	0.25	0.0	0.0	0.0	0.0	0.3333333333333333	0.2	0.2727272727272727	0.1111111111111111	0.4	0.16666666666666666	0.0	0.3333333333333333	0.3333333333333333	0.0	0.25	0.0	0.0625	0.0	0.25	0.16666666666666666	0.0	0.1111111111111111	0.5	0.0	0.0	0.0	0.1111111111111111	0.0015	0.18181818181818182	0.16666666666666666	0.0	0.3333333333333333	0.25	0.3333333333333333	0.6666666666666666	0.42857142857142855	0.5	0.0	0.0	0.0	0.25	0.0	0.3888888888888889	
Eurasian Nuthatch (<em class="sci">Sitta europaea</em>)	0.06666666666666667	0.0	0.14285714285714285	0.4444444444444444	0.17857142857142858	0.0	0.0	0.2	0.16666666666666666	0.6666666666666666	0.4	0.45454545454545453	0.3333333333333333	0.4	0.16666666666666666	0.25	0.6666666666666666	0.6666666666666666	0.6	0.25	0.3333333333333333	0.3125	0.0	0.75	0.25	0.0	0.1111111111111111	0.5	0.0	0.0	0.0	0.0	0.3333333333333333	0.2727272727272727	0.16666666666666666	0.25	0.6666666666666666	0.75	0.0	0.6666666666666666	0.8571428571428571	0.25	0.0015	0.0	0.0	0.25	0.0	0.3333333333333333	
Eurasian Treecreeper (<em class="sci">Certhia familiaris</em>)	0.0	0.0	0.14285714285714285	0.1111111111111111	0.0	0.0	0.0	0.0	0.0	0.0	0.0	0.0	0.0	0.0	0.0	0.0	0.0	0.16666666666666666	0.2	0.0	0.0	0.25	0.0	0.0	0.0	0.0015	0.0	0.0	0.0	0.0	0.0	0.0	0.0	0.0	0.0	0.0	0.0	0.0	0.0	0.0	0.0	0.0	0.0	0.0	0.0	0.0	0.0	0.05555555555555555	
Short-toed Treecreeper (<em class="sci">Certhia brachydactyla</em>)	0.13333333333333333	0.0	0.14285714285714285	0.2777777777777778	0.2857142857142857	0.0	0.0	0.0	0.0	0.6666666666666666	0.4	0.2727272727272727	0.3333333333333333	0.2	0.16666666666666666	0.25	0.6666666666666666	0.16666666666666666	0.0	0.0	0.0	0.125	0.0	0.5	0.16666666666666666	0.0	0.2222222222222222	0.0	0.0	0.0	0.0	0.0	0.0	0.0	0.0	0.0	0.0	0.25	0.0	0.3333333333333333	0.7142857142857143	0.0	0.0	0.0	0.0	0.0	0.0	0.3888888888888889	
Eurasian Wren (<em class="sci">Troglodytes troglodytes</em>)	0.06666666666666667	0.0	0.2857142857142857	0.3333333333333333	0.2857142857142857	0.0	0.0	0.0	0.0	0.6666666666666666	0.4	0.18181818181818182	0.2222222222222222	0.4	0.16666666666666666	0.25	0.6666666666666666	0.4166666666666667	0.6	0.25	0.16666666666666666	0.4375	0.0	0.5	0.16666666666666666	0.0015	0.1111111111111111	0.5	0.0	0.0	0.0	0.0	0.16666666666666666	0.18181818181818182	0.3333333333333333	0.0	0.6666666666666666	0.75	0.0	0.6666666666666666	0.8571428571428571	0.5	0.0015	0.0	0.0	0.25	0.0	0.3888888888888889	
White-fronted Dipper (<em class="sci">Cinclus cinclus</em>)	0.0	0.0	0.0	0.1111111111111111	0.0	0.0	0.0	0.0	0.0	0.0	0.0	0.0	0.0	0.0	0.16666666666666666	0.0	0.0	0.08333333333333333	0.0	0.0	0.0	0.0	0.0	0.0	0.0	0.0	0.0	0.0015	0.0	0.0	0.0	0.0	0.16666666666666666	0.0	0.0	0.0	0.0	0.0	0.0	0.0	0.0	0.0	0.0	0.0	0.0	0.0	0.0	0.0	
Goldcrest (<em class="sci">Regulus regulus</em>)	0.13333333333333333	0.0	0.14285714285714285	0.1111111111111111	0.07142857142857142	0.0	0.0	0.0	0.16666666666666666	0.0	0.0	0.0	0.0	0.0	0.16666666666666666	0.0	0.0	0.16666666666666666	0.0	0.0	0.0	0.1875	0.0	0.0	0.0	0.0	0.0	0.0	0.0015	0.0	0.0	0.0	0.0	0.0	0.0	0.0	0.3333333333333333	0.25	0.0	0.5	0.42857142857142855	0.0	0.0	0.0	0.0	0.0	0.0	0.3333333333333333	
Firecrest (<em class="sci">Regulus ignicapilla</em>)	0.0	0.0	0.14285714285714285	0.05555555555555555	0.0	0.0	0.0	0.0	0.0	0.0	0.0	0.18181818181818182	0.0	0.0	0.0	0.0	0.0	0.08333333333333333	0.2	0.0	0.0	0.25	0.0	0.0	0.0015	0.0	0.0	0.0	0.0	0.0	0.0	0.0	0.0	0.18181818181818182	0.0	0.0	0.0	0.0	0.0	0.16666666666666666	0.14285714285714285	0.0	0.0	0.0	0.0	0.0	0.0	0.16666666666666666	
kinglet sp. (<em class="sci">Regulus sp.</em>)	0.06666666666666667	0.0	0.0	0.0	0.0	0.0	0.0	0.0	0.0	0.0	0.0	0.0	0.0	0.0	0.0	0.0	0.0	0.0	0.0	0.0	0.0	0.0	0.0	0.0	0.0	0.0	0.0	0.0	0.0	0.0	0.0	0.0	0.0	0.0	0.0	0.0	0.0	0.0	0.0	0.0	0.0	0.0	0.0	0.0	0.0	0.0	0.0	0.05555555555555555	
Willow Warbler (<em class="sci">Phylloscopus trochilus</em>)	0.0	0.0	0.0	0.0	0.0	0.0	0.0	0.0	0.0	0.0	0.0	0.0	0.3333333333333333	0.4	0.16666666666666666	0.25	0.3333333333333333	0.16666666666666666	0.2	0.25	0.3333333333333333	0.25	0.0	0.5	0.0015	0.0	0.0	0.0	0.14285714285714285	0.0	0.0	0.1111111111111111	0.0	0.09090909090909091	0.16666666666666666	0.0	0.3333333333333333	0.25	0.0	0.16666666666666666	0.0	0.0	0.0	0.0	0.0	0.0	0.0	0.0	
Common Chiffchaff (<em class="sci">Phylloscopus collybita</em>)	0.0	0.0	0.14285714285714285	0.0	0.03571428571428571	0.0	0.0	0.0	0.0	0.0	0.2	0.36363636363636365	0.4444444444444444	0.8	0.16666666666666666	0.25	1.0	0.4166666666666667	0.4	0.0	0.5	0.3125	0.0	0.75	0.3333333333333333	0.375	0.1111111111111111	0.25	0.0	0.0	0.5	0.0	0.0	0.0	0.16666666666666666	0.0	0.6666666666666666	0.25	0.3333333333333333	0.3333333333333333	0.5714285714285714	0.0	0.0	0.0	0.0	0.0	0.0	0.05555555555555555	
Western Bonelli's Warbler (<em class="sci">Phylloscopus bonelli</em>)	0.0	0.0	0.0	0.0	0.0	0.0	0.0	0.0	0.0	0.0	0.0	0.0	0.0	0.0	0.16666666666666666	0.0	0.0	0.08333333333333333	0.0	0.0	0.0	0.0	0.0	0.0	0.0	0.0	0.0	0.0	0.0	0.0	0.0	0.0	0.0	0.0	0.0	0.0	0.3333333333333333	0.0	0.0	0.0	0.0	0.0	0.0	0.0	0.0	0.0	0.0	0.0	
Wood Warbler (<em class="sci">Phylloscopus sibilatrix</em>)	0.0	0.0	0.0	0.0	0.0	0.0	0.0	0.0	0.0	0.0	0.0	0.0	0.0	0.2	0.0	0.0	0.0	0.0	0.0	0.0	0.0	0.25	0.0	0.0	0.0	0.0015	0.0	0.0	0.0	0.0	0.0	0.0	0.0	0.0	0.0	0.0	0.0	0.0	0.0	0.0	0.0	0.0	0.0	0.0	0.0	0.0	0.0	0.0	
Melodious Warbler (<em class="sci">Hippolais polyglotta</em>)	0.0	0.0	0.0	0.0	0.0	0.0	0.0	0.0	0.0	0.0	0.0	0.0	0.0	0.0	0.0	0.0	0.0	0.08333333333333333	0.2	0.25	0.16666666666666666	0.0625	0.0	0.0	0.0015	0.0	0.0	0.0	0.14285714285714285	0.0	0.0	0.0	0.0	0.0	0.0	0.0	0.0	0.0	0.0	0.0	0.0	0.0	0.0	0.0	0.0	0.0	0.0	0.0	
Icterine Warbler (<em class="sci">Hippolais icterina</em>)	0.0	0.0	0.0	0.0	0.0	0.0	0.0	0.0	0.0	0.0	0.0	0.0	0.1111111111111111	0.2	0.16666666666666666	0.0	0.0	0.16666666666666666	0.0	0.5	0.0	0.0625	0.0	0.0	0.0	0.0	0.0	0.0	0.0	0.0	0.0	0.0	0.0	0.0	0.16666666666666666	0.0	0.0	0.25	0.0	0.0	0.0	0.0	0.0	0.0	0.0	0.0	0.0	0.0	
Sedge Warbler (<em class="sci">Acrocephalus schoenobaenus</em>)	0.0	0.0	0.0	0.0	0.0	0.0	0.0	0.0	0.0	0.0	0.0	0.0	0.0	0.2	0.0	0.0	0.0	0.0	0.0	0.5	0.0	0.0	0.0	0.0	0.0015	0.0	0.0	0.0	0.0	0.0	0.0	0.0	0.0	0.0	0.0	0.0	0.0	0.0	0.0	0.0	0.0	0.0	0.0	0.0	0.0	0.0	0.0	0.0	
Marsh Warbler (<em class="sci">Acrocephalus palustris</em>)	0.0	0.0	0.0	0.0	0.0	0.0	0.0	0.0	0.0	0.0	0.0	0.0	0.0	0.0	0.0	0.0	0.0	0.08333333333333333	0.4	0.5	0.16666666666666666	0.0625	0.0	0.5	0.0	0.125	0.0	0.0	0.0	0.0	0.0	0.0	0.0	0.0	0.0	0.0	0.0	0.0	0.0	0.0	0.0	0.0	0.0	0.0	0.0	0.0	0.0	0.0	
Eurasian Reed-Warbler (<em class="sci">Acrocephalus scirpaceus</em>)	0.0	0.0	0.0	0.0	0.0	0.0	0.0	0.0	0.0	0.0	0.0	0.0	0.0	0.0	0.0	0.0	0.0	0.25	0.4	0.5	0.3333333333333333	0.0625	0.0	0.75	0.08333333333333333	0.0	0.1111111111111111	0.5	0.0	0.0	0.0	0.0	0.0	0.0	0.0	0.0	0.0	0.0	0.0	0.0	0.0	0.0	0.0	0.0	0.0	0.0	0.0	0.0	
Great Reed-Warbler (<em class="sci">Acrocephalus arundinaceus</em>)	0.0	0.0	0.0	0.0	0.0	0.0	0.0	0.0	0.0	0.0	0.0	0.0	0.0	0.0	0.0	0.0	0.0	0.0	0.2	0.5	0.0	0.0	0.0	0.5	0.0	0.0	0.0	0.0	0.0	0.0	0.0	0.0	0.0	0.0	0.0	0.0	0.0	0.0	0.0	0.0	0.0	0.0	0.0	0.0	0.0	0.0	0.0	0.0	
Savi's Warbler (<em class="sci">Locustella luscinioides</em>)	0.0	0.0	0.0	0.0	0.0	0.0	0.0	0.0	0.0	0.0	0.0	0.0	0.0	0.2	0.0	0.0	0.0	0.0	0.0	0.0	0.0	0.0	0.0	0.0	0.0	0.0	0.1111111111111111	0.25	0.0	0.0	0.0	0.0	0.0	0.0	0.0	0.0	0.0	0.0	0.0	0.0	0.0	0.0	0.0	0.0	0.0	0.0	0.0	0.0	
Grasshopper Warbler (<em class="sci">Locustella naevia</em>)	0.0	0.0	0.0	0.0	0.0	0.0	0.0	0.0	0.0	0.0	0.0	0.0	0.1111111111111111	0.0	0.0	0.0	0.0	0.0	0.2	0.25	0.0	0.0625	0.0	0.25	0.0	0.0	0.0	0.0	0.0	0.0	0.0	0.0	0.0	0.0	0.0	0.0	0.0	0.0	0.0	0.0	0.0	0.0	0.0	0.0	0.0	0.0	0.0	0.0	
Blackcap (<em class="sci">Sylvia atricapilla</em>)	0.0	0.0	0.0	0.0	0.0	0.0	0.0	0.0	0.0	0.0	0.0	0.09090909090909091	0.6666666666666666	0.6	0.16666666666666666	0.25	1.0	0.5833333333333334	0.6	0.5	0.3333333333333333	0.375	0.0	1.0	0.25	0.5	0.2222222222222222	0.75	0.0	0.0	0.5	0.0	0.16666666666666666	0.18181818181818182	0.3333333333333333	0.0	0.6666666666666666	0.25	0.0	0.0	0.2857142857142857	0.0	0.0	0.0	0.0	0.0	0.0	0.05555555555555555	
Garden Warbler (<em class="sci">Sylvia borin</em>)	0.0	0.0	0.0	0.0	0.0	0.0	0.0	0.0	0.0	0.0	0.0	0.0	0.0	0.0	0.16666666666666666	0.0	0.3333333333333333	0.0	0.2	0.25	0.16666666666666666	0.1875	0.0	0.5	0.0	0.0	0.1111111111111111	0.25	0.0	0.0	0.0	0.0	0.0	0.0	0.16666666666666666	0.0	0.0	0.0	0.0	0.0	0.0	0.0	0.0	0.0	0.0	0.0	0.0	0.0	
Lesser Whitethroat (<em class="sci">Sylvia curruca</em>)	0.0	0.0	0.0	0.0	0.0	0.0	0.0	0.0	0.0	0.0	0.0	0.0	0.0	0.0	0.0	0.25	0.0015	0.08333333333333333	0.0	0.5	0.0	0.0	0.0	0.0	0.0	0.0	0.0	0.0	0.0	0.0	0.0	0.0	0.0	0.0	0.0	0.0	0.0	0.0	0.0	0.0	0.0	0.0	0.0	0.0	0.0	0.0	0.0	0.0	
Whitethroat (<em class="sci">Sylvia communis</em>)	0.0	0.0	0.0	0.0	0.0	0.0	0.0	0.0	0.0	0.0	0.0	0.0	0.1111111111111111	0.2	0.0	0.0	0.0	0.08333333333333333	0.2	0.25	0.3333333333333333	0.0625	0.0	0.5	0.0015	0.125	0.1111111111111111	0.0	0.0	0.0	0.0	0.1111111111111111	0.0	0.09090909090909091	0.0	0.0	0.0	0.0	0.0	0.0	0.0	0.0	0.0	0.0	0.0	0.0	0.0	0.0	
Spotted Flycatcher (<em class="sci">Muscicapa striata</em>)	0.0	0.0	0.0	0.0	0.0	0.0	0.0	0.0	0.0	0.0	0.0	0.0	0.0	0.0	0.0	0.25	0.6666666666666666	0.3333333333333333	0.6	0.5	0.0	0.0	0.0	0.75	0.0	0.0	0.1111111111111111	0.5	0.0	0.0	0.5	0.0	0.0	0.09090909090909091	0.16666666666666666	0.0	0.0	0.0	0.0	0.0	0.0	0.0	0.0	0.0	0.0	0.0	0.0	0.0	
Robin (<em class="sci">Erithacus rubecula</em>)	0.26666666666666666	0.0	0.42857142857142855	0.3888888888888889	0.21428571428571427	0.0	0.0	0.0	0.0	1.0	0.4	0.45454545454545453	0.2222222222222222	0.8	0.16666666666666666	0.25	0.6666666666666666	0.4166666666666667	0.6	0.5	0.3333333333333333	0.5	0.0	0.5	0.16666666666666666	0.0	0.1111111111111111	0.0	0.0	0.0	0.5	0.0	0.16666666666666666	0.18181818181818182	0.3333333333333333	0.0	0.6666666666666666	0.5	0.3333333333333333	0.6666666666666666	0.8571428571428571	0.5	0.0015	0.0	0.0	0.25	0.0	0.4444444444444444	
Nightingale (<em class="sci">Luscinia megarhynchos</em>)	0.0	0.0	0.0	0.0	0.0	0.0	0.0	0.0	0.0	0.0	0.0	0.0	0.1111111111111111	0.2	0.0	0.0	0.6666666666666666	0.25	0.4	0.5	0.16666666666666666	0.125	0.3333333333333333	0.25	0.08333333333333333	0.0	0.1111111111111111	0.0	0.0	0.0	0.0	0.0	0.0	0.0	0.0	0.0	0.0	0.0	0.0	0.0	0.0	0.0	0.0	0.0	0.0	0.0	0.0	0.0	
Bluethroat (<em class="sci">Luscinia svecica</em>)	0.0	0.0	0.0	0.0	0.0	0.0	0.0	0.0	0.0	0.0	0.0	0.0015	0.0	0.0	0.0	0.0	0.0	0.0	0.0	0.25	0.0	0.0	0.0	0.0	0.0	0.0	0.0	0.0	0.0	0.0	0.0	0.0	0.0	0.0	0.0	0.0	0.0	0.0	0.0	0.0	0.0	0.0	0.0	0.0	0.0	0.0	0.0	0.0	
Pied Flycatcher (<em class="sci">Ficedula hypoleuca</em>)	0.0	0.0	0.0	0.0	0.0	0.0	0.0	0.0	0.0	0.0	0.0	0.0	0.0	0.0	0.0	0.0	0.0	0.0	0.2	0.25	0.0	0.0	0.0	0.0	0.0	0.0	0.1111111111111111	0.0	0.0	0.0	0.5	0.1111111111111111	0.0015	0.0	0.0	0.0015	0.0	0.25	0.0	0.0	0.0	0.0	0.0	0.0	0.0	0.0	0.0	0.0	
Collared Flycatcher (<em class="sci">Ficedula albicollis</em>)	0.0	0.0	0.0	0.0	0.0	0.0	0.0	0.0	0.0	0.0	0.0	0.0	0.0	0.0	0.0	0.0	0.0	0.0	0.0	0.25	0.0	0.0	0.0	0.0	0.0	0.0	0.0	0.0	0.0	0.0	0.0	0.0	0.0	0.0	0.0	0.0	0.0	0.0	0.0	0.0	0.0	0.0	0.0	0.0	0.0	0.0	0.0	0.0	
Redstart (<em class="sci">Phoenicurus phoenicurus</em>)	0.0	0.0	0.0	0.0	0.0	0.0	0.0	0.0	0.0	0.0	0.0	0.09090909090909091	0.1111111111111111	0.0	0.0	0.0	0.0	0.0	0.0	0.0	0.0	0.1875	0.0	0.0	0.0	0.0	0.0	0.25	0.14285714285714285	0.0	0.0	0.0	0.0	0.0	0.0	0.0	0.3333333333333333	0.0	0.0	0.0	0.0	0.0	0.0	0.0	0.0	0.0	0.0	0.0	
Black Redstart (<em class="sci">Phoenicurus ochruros</em>)	0.0	0.0	0.0	0.05555555555555555	0.0	0.0	0.5	0.0	0.0	0.0	0.2	0.2727272727272727	0.5555555555555556	0.8	0.16666666666666666	0.25	0.3333333333333333	0.5833333333333334	0.4	0.5	0.16666666666666666	0.375	0.0	0.5	0.16666666666666666	0.375	0.1111111111111111	0.25	0.14285714285714285	0.0	0.0	0.1111111111111111	0.3333333333333333	0.2727272727272727	0.3333333333333333	0.0015	0.6666666666666666	0.0	0.3333333333333333	0.16666666666666666	0.0	0.0	0.0	0.0	0.0	0.0	0.0	0.0	
Whinchat (<em class="sci">Saxicola rubetra</em>)	0.0	0.0	0.0	0.0	0.0	0.0	0.0	0.0	0.0	0.0	0.0	0.0	0.0	0.0	0.0	0.0	0.0015	0.08333333333333333	0.0	0.0	0.0	0.0	0.0	0.0	0.0	0.0	0.0	0.0	0.0	0.0	0.0	0.0	0.0015	0.0	0.0	0.0	0.0	0.0	0.0	0.0	0.0	0.0	0.0	0.0	0.0	0.0	0.0	0.0	
Stonechat (<em class="sci">Saxicola rubicola</em>)	0.0	0.0	0.0	0.0	0.0	0.0	0.0	0.0	0.0	0.0	0.0	0.09090909090909091	0.0	0.0	0.0	0.0	0.3333333333333333	0.0	0.2	0.0	0.5	0.125	0.0	0.0	0.0	0.125	0.0	0.0	0.0	0.0	0.0	0.0	0.0	0.0	0.0	0.0	0.0	0.0	0.0	0.0	0.0	0.0	0.0	0.0	0.0	0.0	0.0	0.0	
Wheatear (<em class="sci">Oenanthe oenanthe</em>)	0.0	0.0	0.0	0.0	0.0	0.0	0.0	0.0	0.0	0.0	0.0	0.0	0.0	0.0	0.0	0.0	0.0	0.0	0.0	0.0	0.0	0.0	0.0	0.0	0.0	0.0	0.0	0.0	0.0	0.0	0.0	0.0	0.0015	0.0	0.0	0.0015	0.3333333333333333	0.0	0.0	0.0	0.0	0.0	0.0	0.0	0.0	0.0	0.0	0.0	
Ring Ouzel (<em class="sci">Turdus torquatus</em>)	0.0	0.0	0.0	0.0	0.0	0.0	0.0	0.0	0.0	0.0	0.0	0.0	0.1111111111111111	0.0	0.16666666666666666	0.0	0.0	0.0	0.0	0.0	0.0	0.0625	0.0	0.0	0.0	0.0	0.0	0.0	0.0	0.0	0.0	0.0	0.0	0.09090909090909091	0.16666666666666666	0.0	0.0	0.25	0.0	0.0	0.0	0.0	0.0	0.0	0.0	0.0	0.0	0.0	
Blackbird (<em class="sci">Turdus merula</em>)	0.3333333333333333	1.0	0.14285714285714285	0.6111111111111112	0.5	0.0	0.0	0.4	0.0	1.0	0.8	0.5454545454545454	0.6666666666666666	1.0	0.16666666666666666	0.25	1.0	0.75	0.4	0.5	0.6666666666666666	0.75	0.0	0.75	0.25	0.25	0.3333333333333333	0.75	0.2857142857142857	0.0	0.0	0.1111111111111111	0.5	0.18181818181818182	0.6666666666666666	0.5	0.6666666666666666	0.75	0.6666666666666666	0.8333333333333334	1.0	0.75	0.0015	0.0	0.0	0.25	0.0	0.5	
Fieldfare (<em class="sci">Turdus pilaris</em>)	0.0	0.0	0.0	0.05555555555555555	0.0	0.0	0.0	0.0	0.0	0.6666666666666666	0.2	0.09090909090909091	0.1111111111111111	0.4	0.16666666666666666	0.0	0.0	0.0	0.0	0.25	0.0	0.0	0.0	0.25	0.0	0.125	0.1111111111111111	0.25	0.0	0.0	0.0	0.0	0.16666666666666666	0.0	0.0	0.0	0.0	0.0	0.0	0.5	0.42857142857142855	0.5	0.0	0.0	0.0	0.0	0.0	0.16666666666666666	
Redwing (<em class="sci">Turdus iliacus</em>)	0.0	0.0	0.0	0.05555555555555555	0.0	0.0	0.0	0.0	0.0	0.0	0.0	0.09090909090909091	0.0	0.2	0.0	0.0	0.0	0.0	0.0	0.0	0.0	0.0	0.0	0.0	0.0	0.0	0.0	0.0	0.0	0.0	0.0	0.0	0.0	0.0	0.0	0.0	0.0	0.0	0.0	0.6666666666666666	0.2857142857142857	0.25	0.0	0.0	0.0	0.0	0.0	0.05555555555555555	
Song Thrush (<em class="sci">Turdus philomelos</em>)	0.0	0.0	0.14285714285714285	0.05555555555555555	0.03571428571428571	0.0	0.0	0.2	0.0	0.3333333333333333	0.4	0.36363636363636365	0.2222222222222222	0.6	0.16666666666666666	0.25	0.6666666666666666	0.4166666666666667	0.2	0.5	0.3333333333333333	0.3125	0.0	0.5	0.25	0.125	0.0	0.5	0.0	0.0	0.0	0.0	0.16666666666666666	0.0	0.16666666666666666	0.0	0.6666666666666666	0.25	0.0	0.8333333333333334	0.14285714285714285	0.25	0.0	0.0	0.0	0.0	0.0	0.0	
Mistle Thrush (<em class="sci">Turdus viscivorus</em>)	0.0	0.0	0.0	0.0	0.0	0.0	0.0	0.0	0.0	0.0	0.0	0.09090909090909091	0.1111111111111111	0.2	0.16666666666666666	0.0	0.6666666666666666	0.16666666666666666	0.2	0.25	0.0	0.3125	0.0	0.5	0.0	0.0	0.0	0.0	0.0	0.0	0.0	0.0	0.0	0.18181818181818182	0.16666666666666666	0.0	0.3333333333333333	0.25	0.0	0.16666666666666666	0.14285714285714285	0.25	0.0	0.0	0.0	0.0	0.0	0.05555555555555555	
Turdus sp. (<em class="sci">Turdus sp.</em>)	0.0	0.0	0.0	0.0	0.0	0.0	0.0	0.0	0.0	0.0	0.0	0.0	0.0	0.0	0.0	0.0	0.0	0.0	0.0	0.0	0.0	0.0	0.0	0.0	0.0	0.0	0.0	0.0	0.0	0.0	0.0	0.0	0.0	0.0	0.0	0.0	0.0	0.0	0.0	0.0	0.0	0.0	0.0	0.0	0.0	0.0	0.0	0.0015	
Starling (<em class="sci">Sturnus vulgaris</em>)	0.0	0.0	0.14285714285714285	0.3333333333333333	0.14285714285714285	0.0	0.0	0.2	0.0	0.6666666666666666	0.2	0.2727272727272727	0.3333333333333333	0.6	0.16666666666666666	0.25	0.6666666666666666	0.4166666666666667	0.6	0.5	0.3333333333333333	0.375	0.0	0.25	0.0015	0.125	0.0	0.5	0.0	0.0	0.0	0.1111111111111111	0.3333333333333333	0.18181818181818182	0.6666666666666666	0.25	0.6666666666666666	0.75	0.0	1.0	0.7142857142857143	0.25	0.0	0.0	0.0	0.25	0.0	0.16666666666666666	
Spotless Starling (<em class="sci">Sturnus unicolor</em>)	0.0	0.0	0.0	0.0	0.0	0.0	0.0	0.0	0.0	0.0	0.0	0.0	0.0	0.0	0.0	0.25	0.0	0.0	0.0	0.0	0.0	0.0	0.0	0.0	0.0	0.0	0.0	0.0	0.0	0.0	0.0	0.0	0.0	0.0	0.0	0.0	0.0015	0.0	0.0	0.0	0.0	0.0	0.0	0.0	0.0	0.0	0.0	0.0	
Dunnock (<em class="sci">Prunella modularis</em>)	0.2	0.0	0.0	0.2777777777777778	0.17857142857142858	0.0	0.0	0.0	0.16666666666666666	0.3333333333333333	0.2	0.0	0.3333333333333333	0.2	0.16666666666666666	0.25	0.3333333333333333	0.3333333333333333	0.2	0.5	0.0	0.1875	0.0	0.25	0.0	0.0	0.0	0.0	0.0	0.0	0.0	0.0	0.0	0.0	0.16666666666666666	0.0015	0.3333333333333333	0.25	0.0	0.0	0.5714285714285714	0.25	0.0	0.0	0.0	0.0	0.0	0.16666666666666666	
Yellow Wagtail (<em class="sci">Motacilla flava</em>)	0.0	0.0	0.0	0.0	0.0	0.0	0.0	0.0	0.0	0.0	0.0	0.0	0.1111111111111111	0.2	0.0	0.25	0.0015	0.08333333333333333	0.2	0.0	0.0	0.0625	0.0	0.0	0.0	0.0	0.0	0.0	0.0	0.0	0.0	0.3333333333333333	0.6666666666666666	0.0	0.0	0.0	0.3333333333333333	0.0	0.0	0.0	0.0	0.0	0.0	0.0	0.0	0.0	0.0	0.0	
Grey Wagtail (<em class="sci">Motacilla cinerea</em>)	0.13333333333333333	1.0	0.2857142857142857	0.2222222222222222	0.14285714285714285	0.0	0.5	0.0	0.0	0.0	0.2	0.0	0.2222222222222222	0.2	0.16666666666666666	0.25	0.6666666666666666	0.5	0.4	0.5	0.0	0.25	0.0	0.0015	0.0	0.0	0.0	0.0	0.0	0.0	0.0	0.0	0.0	0.0	0.16666666666666666	0.0	0.0	0.0	0.0	0.16666666666666666	0.14285714285714285	0.25	0.0	0.0	0.0	0.0	0.0	0.2222222222222222	
White/Pied Wagtail (<em class="sci">Motacilla alba</em>)	0.13333333333333333	1.0	0.2857142857142857	0.05555555555555555	0.21428571428571427	0.0	0.0015	0.0	0.0	0.3333333333333333	0.6	0.36363636363636365	0.2222222222222222	0.8	0.16666666666666666	0.25	0.6666666666666666	0.5	0.4	0.5	0.5	0.4375	0.0	0.5	0.4166666666666667	0.375	0.2222222222222222	0.5	0.0	0.0	0.0	0.2222222222222222	0.5	0.09090909090909091	0.0	0.25	0.6666666666666666	0.75	1.0	0.6666666666666666	0.5714285714285714	0.5	0.0	0.0	0.0	0.5	0.0	0.16666666666666666	
Tawny Pipit (<em class="sci">Anthus campestris</em>)	0.0	0.0	0.0	0.0	0.0	0.0	0.0	0.0	0.0	0.0	0.0	0.0	0.0	0.0	0.0	0.0	0.0	0.0	0.0	0.0	0.0	0.0	0.0	0.0	0.0	0.0	0.0	0.0	0.0	0.0	0.0	0.2222222222222222	0.16666666666666666	0.0	0.0	0.0	0.0	0.0	0.0	0.0	0.0	0.0	0.0	0.0	0.0	0.0	0.0	0.0	
Meadow Pipit (<em class="sci">Anthus pratensis</em>)	0.06666666666666667	0.0	0.14285714285714285	0.16666666666666666	0.07142857142857142	0.0	0.0	0.0	0.0	0.3333333333333333	0.0	0.0	0.0	0.0	0.0	0.0	0.0	0.0	0.0	0.25	0.0	0.25	0.0	0.0	0.0	0.0	0.0	0.0	0.0	0.0	0.0	0.0	0.0	0.0	0.0	0.0	0.0	0.0	0.6666666666666666	0.5	0.42857142857142855	0.25	0.0	0.0	0.0	0.0	0.0	0.05555555555555555	
Tree Pipit (<em class="sci">Anthus trivialis</em>)	0.0	0.0	0.0	0.0	0.0	0.0	0.0	0.0	0.0	0.0	0.0	0.0	0.0	0.0	0.0	0.0	0.3333333333333333	0.08333333333333333	0.2	0.0	0.16666666666666666	0.3125	0.0	0.0	0.0	0.0	0.0	0.0	0.0	0.0	0.0	0.4444444444444444	0.16666666666666666	0.0	0.0	0.0	0.0	0.0	0.0	0.0	0.0	0.0	0.0	0.0	0.0	0.0	0.0	0.0	
Water Pipit (<em class="sci">Anthus spinoletta</em>)	0.13333333333333333	0.0	0.14285714285714285	0.0	0.25	0.0	0.0015	0.0	0.16666666666666666	0.0	0.0	0.0	0.0	0.0	0.0	0.0	0.0	0.0	0.0	0.0	0.0	0.0625	0.0	0.0	0.0	0.0	0.0	0.0	0.0	0.0	0.0	0.0	0.0	0.0	0.0	0.0	0.0	0.0	0.3333333333333333	0.16666666666666666	0.2857142857142857	0.0	0.0	0.0	0.0	0.0	0.0	0.05555555555555555	
Waxwing (<em class="sci">Bombycilla garrulus</em>)	0.0	0.0	0.0	0.0	0.0	0.0015	0.0015	0.0	0.0	0.3333333333333333	0.0	0.0	0.0	0.0	0.0	0.0	0.0	0.0	0.0	0.0	0.0	0.0	0.0	0.0	0.0	0.0	0.0	0.0	0.0	0.0	0.0	0.0	0.0	0.0	0.0	0.0	0.0	0.0	0.0	0.0	0.0	0.0	0.0	0.0	0.0	0.0	0.0	0.0	
Snow Bunting (<em class="sci">Plectrophenax nivalis</em>)	0.0	0.0	0.0	0.0	0.0	0.0	0.0	0.0	0.0	0.0	0.0	0.0	0.0	0.0	0.0	0.0	0.0	0.0	0.0	0.0	0.0	0.0	0.0	0.0	0.0	0.0	0.0	0.0	0.0	0.0	0.0	0.0	0.0	0.0	0.0	0.0	0.0	0.0	0.0	0.0	0.0015	0.0	0.0	0.0	0.0	0.0	0.0	0.0	
Yellowhammer (<em class="sci">Emberiza citrinella</em>)	0.13333333333333333	0.0	0.0	0.1111111111111111	0.10714285714285714	0.0	0.0	0.0	0.16666666666666666	0.6666666666666666	0.2	0.09090909090909091	0.1111111111111111	0.0	0.16666666666666666	0.25	0.6666666666666666	0.3333333333333333	0.6	0.5	0.3333333333333333	0.3125	0.0	0.25	0.16666666666666666	0.125	0.0	0.25	0.0015	0.0	0.0	0.0	0.0	0.0	0.0	0.0	0.3333333333333333	0.25	0.0	0.3333333333333333	0.2857142857142857	0.0	0.0	0.0	0.0	0.0	0.0	0.16666666666666666	
Cirl Bunting (<em class="sci">Emberiza cirlus</em>)	0.0	0.0	0.0	0.0	0.0	0.0	0.0	0.0	0.0	0.0	0.0	0.0	0.0	0.0	0.16666666666666666	0.0	0.0	0.0	0.2	0.0	0.3333333333333333	0.0	0.0	0.0	0.0	0.0	0.0	0.0	0.14285714285714285	0.0	0.0	0.0	0.0	0.0	0.0	0.0	0.0	0.0	0.0	0.0	0.0	0.0	0.0	0.0	0.0	0.0	0.0	0.05555555555555555	
Ortolan Bunting (<em class="sci">Emberiza hortulana</em>)	0.0	0.0	0.0	0.0	0.0	0.0	0.0	0.0	0.0	0.0	0.0	0.0	0.0	0.0	0.0	0.0	0.0	0.0	0.0	0.0	0.16666666666666666	0.0	0.0	0.0	0.0	0.0	0.0	0.0	0.0	0.0	0.0	0.0	0.0	0.0	0.0	0.0	0.0	0.0	0.0	0.0	0.0	0.0	0.0	0.0	0.0	0.0	0.0	0.0	
Reed Bunting (<em class="sci">Emberiza schoeniclus</em>)	0.06666666666666667	0.0	0.0	0.2222222222222222	0.2857142857142857	0.0	0.0	0.0	0.16666666666666666	0.3333333333333333	0.0	0.09090909090909091	0.0	0.4	0.16666666666666666	0.0	0.0	0.0	0.0	0.0	0.16666666666666666	0.0625	0.0	0.5	0.0	0.0	0.1111111111111111	0.0	0.0	0.0	0.0	0.0	0.0	0.0	0.0	0.0	0.0	0.0	0.3333333333333333	0.6666666666666666	0.8571428571428571	0.0	0.0	0.0	0.0	0.0	0.0	0.05555555555555555	
Corn Bunting (<em class="sci">Emberiza calandra</em>)	0.0	0.0	0.0	0.0	0.0	0.0	0.0	0.0	0.0	0.0	0.0	0.0	0.0015	0.0	0.0	0.0	0.0	0.0	0.0	0.25	0.0	0.0	0.0	0.0	0.0	0.125	0.0	0.0	0.0	0.0	0.0	0.0	0.0	0.0	0.0	0.0	0.0	0.0	0.0	0.0	0.0	0.0	0.0	0.0	0.0	0.0	0.0	0.0	
Chaffinch (<em class="sci">Fringilla coelebs</em>)	0.6	0.0	0.2857142857142857	0.5555555555555556	0.5357142857142857	0.0	0.0	0.2	0.16666666666666666	0.6666666666666666	0.4	0.36363636363636365	0.3333333333333333	1.0	0.16666666666666666	0.25	0.6666666666666666	0.5833333333333334	0.8	0.5	0.3333333333333333	0.5625	0.3333333333333333	1.0	0.25	0.25	0.2222222222222222	0.5	0.0	0.0	0.0	0.2222222222222222	0.16666666666666666	0.09090909090909091	0.16666666666666666	0.0015	0.6666666666666666	0.75	0.3333333333333333	1.0	1.0	0.75	0.0015	0.0	0.0	0.0	0.0	0.7222222222222222	
Brambling (<em class="sci">Fringilla montifringilla</em>)	0.0	0.0	0.14285714285714285	0.05555555555555555	0.0	0.0	0.0	0.0	0.0	0.0	0.2	0.0	0.0	0.0	0.0	0.0	0.0	0.0	0.0	0.0	0.0	0.0	0.0	0.0	0.0	0.0	0.0	0.0	0.0	0.0	0.0	0.0	0.0	0.0	0.0	0.0	0.0	0.0	0.3333333333333333	0.5	0.2857142857142857	0.0	0.0	0.0	0.0	0.0	0.0	0.1111111111111111	
Bullfinch (<em class="sci">Pyrrhula pyrrhula</em>)	0.06666666666666667	0.0	0.14285714285714285	0.2777777777777778	0.03571428571428571	0.0	0.0	0.0	0.3333333333333333	0.0	0.2	0.18181818181818182	0.1111111111111111	0.2	0.16666666666666666	0.25	0.3333333333333333	0.16666666666666666	0.2	0.25	0.0	0.0625	0.0	0.0	0.0	0.0	0.0	0.0	0.0015	0.0	0.0	0.0	0.0	0.0	0.16666666666666666	0.0	0.6666666666666666	0.25	0.0	0.5	0.14285714285714285	0.25	0.0	0.0	0.0	0.0	0.0	0.2222222222222222	
Common Rosefinch (<em class="sci">Carpodacus erythrinus</em>)	0.0	0.0	0.0	0.0	0.0	0.0	0.0	0.0	0.0	0.0	0.0	0.0	0.0	0.0	0.0	0.0	0.0	0.0	0.0	0.0	0.0	0.0015	0.0	0.0	0.0	0.0	0.0	0.0	0.0	0.0	0.0	0.0	0.0	0.0	0.0	0.0	0.0	0.0	0.0	0.0	0.0	0.0	0.0	0.0	0.0	0.0	0.0	0.0	
Greenfinch (<em class="sci">Chloris chloris</em>)	0.26666666666666666	0.0	0.14285714285714285	0.2222222222222222	0.35714285714285715	0.0	0.0	0.2	0.16666666666666666	0.3333333333333333	0.4	0.36363636363636365	0.3333333333333333	0.8	0.16666666666666666	0.0	0.3333333333333333	0.3333333333333333	0.4	0.25	0.5	0.1875	0.0	0.75	0.4166666666666667	0.375	0.1111111111111111	0.25	0.14285714285714285	0.0	0.0	0.0	0.0	0.0	0.3333333333333333	0.0	0.6666666666666666	0.25	0.6666666666666666	0.5	0.8571428571428571	0.25	0.0	0.0	0.0	0.25	1.0	0.2222222222222222	
Crossbill (<em class="sci">Loxia curvirostra</em>)	0.0	0.0	0.0	0.05555555555555555	0.0	0.0	0.0	0.0	0.16666666666666666	0.0	0.0	0.09090909090909091	0.0	0.0	0.0	0.0	0.0	0.08333333333333333	0.0	0.0	0.0	0.125	0.0	0.0	0.0	0.0	0.0	0.0	0.0	0.0	0.0	0.0	0.0	0.0	0.0	0.0	0.3333333333333333	0.0	0.0	0.0	0.0	0.0	0.0	0.0	0.0	0.0	0.0	0.05555555555555555	
Common Redpoll (<em class="sci">Acanthis flammea</em>)	0.0	0.0	0.0	0.0	0.0	0.0	0.0	0.0	0.0	0.0	0.0	0.0	0.0	0.0	0.0	0.0	0.0	0.0	0.0	0.0	0.0	0.0	0.0	0.0	0.0	0.0	0.0	0.0	0.0	0.0	0.0	0.0	0.0	0.0	0.0	0.0	0.0	0.0	0.0	0.0	0.0	0.0	0.0	0.0	0.0	0.0	0.0	0.05555555555555555	
Lesser Redpoll (<em class="sci">Acanthis cabaret</em>)	0.06666666666666667	0.0	0.0	0.05555555555555555	0.0	0.0	0.0	0.0	0.0	0.0	0.0	0.0	0.0	0.0	0.0	0.0	0.0	0.0	0.0	0.0	0.0	0.0	0.0	0.0	0.0	0.0	0.0	0.0	0.0	0.0	0.0	0.0	0.0	0.0	0.0	0.0	0.0	0.0	0.0	0.0	0.0	0.0	0.0	0.0	0.0	0.0	0.0	0.0	
Siskin (<em class="sci">Spinus spinus</em>)	0.06666666666666667	0.0	0.14285714285714285	0.3888888888888889	0.03571428571428571	0.0	0.0	0.0	0.0	0.3333333333333333	0.2	0.09090909090909091	0.2222222222222222	0.2	0.16666666666666666	0.0	0.0	0.08333333333333333	0.0	0.0	0.0	0.0625	0.0	0.0	0.0015	0.125	0.0	0.0	0.0	0.0	0.0	0.0	0.0	0.0	0.0	0.0015	0.0	0.0	0.6666666666666666	0.3333333333333333	0.42857142857142855	0.25	0.0	0.0	0.0	0.0	0.0	0.2222222222222222	
Goldfinch (<em class="sci">Carduelis carduelis</em>)	0.06666666666666667	0.0	0.14285714285714285	0.2222222222222222	0.03571428571428571	0.0	0.0	0.0	0.0	0.3333333333333333	0.2	0.2727272727272727	0.2222222222222222	0.4	0.16666666666666666	0.25	0.6666666666666666	0.3333333333333333	0.6	0.5	0.3333333333333333	0.1875	0.0	0.75	0.0	0.25	0.1111111111111111	0.5	0.0	0.0	0.5	0.0	0.16666666666666666	0.18181818181818182	0.3333333333333333	0.0015	0.6666666666666666	0.5	0.3333333333333333	0.8333333333333334	0.8571428571428571	0.5	0.0	0.0	0.0	0.25	0.0	0.3888888888888889	
Linnet (<em class="sci">Carduelis cannabina</em>)	0.0	0.0	0.0	0.1111111111111111	0.07142857142857142	0.0	0.0	0.0	0.0	0.0	0.0	0.0	0.1111111111111111	0.2	0.0	0.0	0.0	0.25	0.2	0.0	0.3333333333333333	0.0625	0.0	0.0015	0.0015	0.0	0.0	0.0	0.0	0.0	0.0	0.1111111111111111	0.0	0.0	0.0	0.0	0.0	0.0	0.3333333333333333	0.3333333333333333	0.42857142857142855	0.0	0.0015	0.0	0.0	0.0	0.0	0.1111111111111111	
Serin (<em class="sci">Serinus serinus</em>)	0.0	0.0	0.0	0.0	0.0	0.0	0.0	0.0	0.0	0.0	0.0	0.0	0.2222222222222222	0.4	0.16666666666666666	0.25	0.3333333333333333	0.3333333333333333	0.2	0.25	0.16666666666666666	0.0625	0.0	0.0015	0.08333333333333333	0.0	0.1111111111111111	0.25	0.14285714285714285	0.0	0.0	0.0	0.0	0.0	0.0	0.0	0.0	0.0	0.0	0.3333333333333333	0.5714285714285714	0.0	0.0	0.0	0.0	0.0	0.0	0.05555555555555555	
Hawfinch (<em class="sci">Coccothraustes coccothraustes</em>)	0.2	0.0	0.0	0.16666666666666666	0.07142857142857142	0.0	0.0	0.0	0.0	0.0	0.2	0.0	0.0	0.2	0.16666666666666666	0.0	0.0	0.0	0.0	0.0	0.0	0.25	0.0	0.25	0.25	0.125	0.0	0.25	0.0015	0.0	0.0	0.0	0.0	0.0	0.0	0.0	0.0	0.0	0.0	0.6666666666666666	0.42857142857142855	0.0	0.0	0.0	1.0	0.0	0.0	0.2222222222222222	
House Sparrow (<em class="sci">Passer domesticus</em>)	0.06666666666666667	0.0	0.14285714285714285	0.2777777777777778	0.17857142857142858	1.0	0.0	0.0	0.0	0.3333333333333333	0.8	0.2727272727272727	0.5555555555555556	0.8	0.16666666666666666	0.5	0.6666666666666666	0.5833333333333334	0.6	0.25	0.16666666666666666	0.5625	0.3333333333333333	1.0	0.3333333333333333	0.75	0.2222222222222222	0.75	0.2857142857142857	0.0	0.5	0.1111111111111111	0.16666666666666666	0.36363636363636365	0.6666666666666666	0.75	1.0	0.75	0.0	0.5	0.7142857142857143	0.5	0.0015	0.0	0.0	0.5	0.0	0.2222222222222222	
Tree Sparrow (<em class="sci">Passer montanus</em>)	0.06666666666666667	0.0	0.0	0.1111111111111111	0.07142857142857142	0.0	0.0	0.0	0.0	0.0	0.2	0.0	0.1111111111111111	0.4	0.3333333333333333	0.0	0.3333333333333333	0.3333333333333333	0.4	0.5	0.0	0.0625	0.0	0.25	0.0	0.125	0.1111111111111111	0.0	0.0	0.0	0.0	0.0	0.0	0.0	0.16666666666666666	0.0	0.0	0.0	0.0	0.16666666666666666	0.5714285714285714	0.0	0.0	0.0	0.0	0.0	0.0	0.0	

